1  45  1700.0 1810.0 D0U
0   1700.0  0.3175
0   1702.5  0.3169
0   1705.0  0.3151
0   1707.5  0.3124
0   1710.0  0.3090
0   1712.5  0.3048
0   1715.0  0.3003
0   1717.5  0.2954
0   1720.0  0.2904
0   1722.5  0.2855
0   1725.0  0.2808
0   1727.5  0.2763
0   1730.0  0.2721
0   1732.5  0.2680
0   1735.0  0.2638
0   1737.5  0.2595
0   1740.0  0.2549
0   1742.5  0.2498
0   1745.0  0.2438
0   1747.5  0.2367
0   1750.0  0.2282
0   1752.5  0.2184
0   1755.0  0.2074
0   1757.5  0.1957
0   1760.0  0.1835
0   1762.5  0.1712
0   1765.0  0.1590
0   1767.5  0.1469
0   1770.0  0.1349
0   1772.5  0.1233
0   1775.0  0.1120
0   1777.5  0.1012
0   1780.0  0.0907
0   1782.5  0.0808
0   1785.0  0.0714
0   1787.5  0.0626
0   1790.0  0.0541
0   1792.5  0.0460
0   1795.0  0.0378
0   1797.5  0.0296
0   1800.0  0.0212
0   1802.5  0.0132
0   1805.0  0.0064
0   1807.5  0.0017
0   1810.0  0.0000
2  45  1700.0 1810.0 D0Up
0   1700.0  0.3175
0   1702.5  0.3173
0   1705.0  0.3165
0   1707.5  0.3153
0   1710.0  0.3136
0   1712.5  0.3115
0   1715.0  0.3088
0   1717.5  0.3057
0   1720.0  0.3022
0   1722.5  0.2982
0   1725.0  0.2937
0   1727.5  0.2888
0   1730.0  0.2836
0   1732.5  0.2782
0   1735.0  0.2726
0   1737.5  0.2670
0   1740.0  0.2613
0   1742.5  0.2552
0   1745.0  0.2483
0   1747.5  0.2405
0   1750.0  0.2312
0   1752.5  0.2206
0   1755.0  0.2090
0   1757.5  0.1966
0   1760.0  0.1838
0   1762.5  0.1710
0   1765.0  0.1584
0   1767.5  0.1462
0   1770.0  0.1347
0   1772.5  0.1241
0   1775.0  0.1147
0   1777.5  0.1061
0   1780.0  0.0980
0   1782.5  0.0900
0   1785.0  0.0815
0   1787.5  0.0722
0   1790.0  0.0621
0   1792.5  0.0517
0   1795.0  0.0411
0   1797.5  0.0309
0   1800.0  0.0213
0   1802.5  0.0128
0   1805.0  0.0061
0   1807.5  0.0016
0   1810.0  0.0000
3  45  1700.0 1810.0 D0X
0   1700.0  0.3175
0   1702.5  0.3175
0   1705.0  0.3175
0   1707.5  0.3175
0   1710.0  0.3175
0   1712.5  0.3175
0   1715.0  0.3175
0   1717.5  0.3175
0   1720.0  0.3175
0   1722.5  0.3175
0   1725.0  0.3168
0   1727.5  0.3139
0   1730.0  0.3105
0   1732.5  0.3070
0   1735.0  0.3039
0   1737.5  0.3014
0   1740.0  0.2996
0   1742.5  0.2976
0   1745.0  0.2947
0   1747.5  0.2901
0   1750.0  0.2830
0   1752.5  0.2732
0   1755.0  0.2613
0   1757.5  0.2477
0   1760.0  0.2331
0   1762.5  0.2180
0   1765.0  0.2026
0   1767.5  0.1870
0   1770.0  0.1714
0   1772.5  0.1558
0   1775.0  0.1402
0   1777.5  0.1248
0   1780.0  0.1098
0   1782.5  0.0952
0   1785.0  0.0813
0   1787.5  0.0682
0   1790.0  0.0559
0   1792.5  0.0446
0   1795.0  0.0342
0   1797.5  0.0249
0   1800.0  0.0167
0   1802.5  0.0098
0   1805.0  0.0045
0   1807.5  0.0012
0   1810.0  0.0000
4  43  1720.0 1825.0 D0Xp
0   1720.0  0.3175
0   1722.5  0.3169
0   1725.0  0.3152
0   1727.5  0.3126
0   1730.0  0.3092
0   1732.5  0.3052
0   1735.0  0.3009
0   1737.5  0.2964
0   1740.0  0.2919
0   1742.5  0.2875
0   1745.0  0.2834
0   1747.5  0.2796
0   1750.0  0.2759
0   1752.5  0.2723
0   1755.0  0.2685
0   1757.5  0.2644
0   1760.0  0.2593
0   1762.5  0.2527
0   1765.0  0.2440
0   1767.5  0.2324
0   1770.0  0.2180
0   1772.5  0.2019
0   1775.0  0.1850
0   1777.5  0.1685
0   1780.0  0.1534
0   1782.5  0.1397
0   1785.0  0.1270
0   1787.5  0.1148
0   1790.0  0.1025
0   1792.5  0.0900
0   1795.0  0.0774
0   1797.5  0.0652
0   1800.0  0.0540
0   1802.5  0.0443
0   1805.0  0.0361
0   1807.5  0.0291
0   1810.0  0.0231
0   1812.5  0.0177
0   1815.0  0.0125
0   1817.5  0.0077
0   1820.0  0.0037
0   1822.5  0.0010
0   1825.0  0.0000
5  45  1700.0 1810.0 D0V
0   1700.0  0.3175
0   1702.5  0.3175
0   1705.0  0.3175
0   1707.5  0.3175
0   1710.0  0.3172
0   1712.5  0.3167
0   1715.0  0.3159
0   1717.5  0.3147
0   1720.0  0.3130
0   1722.5  0.3107
0   1725.0  0.3078
0   1727.5  0.3042
0   1730.0  0.3001
0   1732.5  0.2957
0   1735.0  0.2911
0   1737.5  0.2866
0   1740.0  0.2819
0   1742.5  0.2768
0   1745.0  0.2709
0   1747.5  0.2636
0   1750.0  0.2547
0   1752.5  0.2439
0   1755.0  0.2318
0   1757.5  0.2185
0   1760.0  0.2044
0   1762.5  0.1898
0   1765.0  0.1751
0   1767.5  0.1606
0   1770.0  0.1465
0   1772.5  0.1330
0   1775.0  0.1205
0   1777.5  0.1090
0   1780.0  0.0984
0   1782.5  0.0886
0   1785.0  0.0795
0   1787.5  0.0710
0   1790.0  0.0629
0   1792.5  0.0547
0   1795.0  0.0462
0   1797.5  0.0370
0   1800.0  0.0270
0   1802.5  0.0171
0   1805.0  0.0084
0   1807.5  0.0023
0   1810.0  0.0000
6  45  1700.0 1810.0 D0Vp
0   1700.0  0.3175
0   1702.5  0.3170
0   1705.0  0.3158
0   1707.5  0.3138
0   1710.0  0.3113
0   1712.5  0.3084
0   1715.0  0.3053
0   1717.5  0.3020
0   1720.0  0.2988
0   1722.5  0.2957
0   1725.0  0.2929
0   1727.5  0.2904
0   1730.0  0.2880
0   1732.5  0.2854
0   1735.0  0.2824
0   1737.5  0.2787
0   1740.0  0.2741
0   1742.5  0.2684
0   1745.0  0.2616
0   1747.5  0.2536
0   1750.0  0.2443
0   1752.5  0.2338
0   1755.0  0.2222
0   1757.5  0.2100
0   1760.0  0.1974
0   1762.5  0.1846
0   1765.0  0.1720
0   1767.5  0.1595
0   1770.0  0.1474
0   1772.5  0.1358
0   1775.0  0.1248
0   1777.5  0.1145
0   1780.0  0.1049
0   1782.5  0.0959
0   1785.0  0.0877
0   1787.5  0.0800
0   1790.0  0.0726
0   1792.5  0.0649
0   1795.0  0.0563
0   1797.5  0.0462
0   1800.0  0.0344
0   1802.5  0.0220
0   1805.0  0.0110
0   1807.5  0.0030
0   1810.0  0.0000
7 41 1700.0 1800.0 D1V
0 1700.0  0.250000
1 1702.5  0.249700
2 1705.0  0.248900
3 1707.5  0.248200
4 1710.0  0.247400
5 1712.5  0.247100
6 1715.0  0.247100
7 1717.5  0.246000
8 1720.0  0.244500
9 1722.5  0.243900
10 1725.0  0.243200
11 1727.5  0.241800
12 1730.0  0.240500
13 1732.5  0.238900
14 1735.0  0.238100
15 1737.5  0.236000
16 1740.0  0.234500
17 1742.5  0.229700
18 1745.0  0.224400
19 1747.5  0.219400
20 1750.0  0.212900
21 1752.5  0.204700
22 1755.0  0.194900
23 1757.5  0.181800
24 1760.0  0.169400
25 1762.5  0.156200
26 1765.0  0.137500
27 1767.5  0.117200
28 1770.0  0.102500
29 1772.5  0.081400
30 1775.0  0.064500
31 1777.5  0.049000
32 1780.0  0.033500
33 1782.5  0.025000
34 1785.0  0.016600
35 1787.5  0.009500
36 1790.0  0.007100
37 1792.5  0.004700
38 1795.0  0.002400
39 1797.5  0.001100
40 1800.0  0.000000
8 41 1700.0 1800.0 D1Vp
0 1700.0  0.250000
1 1702.5  0.249700
2 1705.0  0.248900
3 1707.5  0.248200
4 1710.0  0.247400
5 1712.5  0.247100
6 1715.0  0.247100
7 1717.5  0.246000
8 1720.0  0.244500
9 1722.5  0.243900
10 1725.0  0.243200
11 1727.5  0.241800
12 1730.0  0.240500
13 1732.5  0.238900
14 1735.0  0.238100
15 1737.5  0.236000
16 1740.0  0.234500
17 1742.5  0.229700
18 1745.0  0.224400
19 1747.5  0.219400
20 1750.0  0.212900
21 1752.5  0.204700
22 1755.0  0.194900
23 1757.5  0.181800
24 1760.0  0.169400
25 1762.5  0.156200
26 1765.0  0.137500
27 1767.5  0.117200
28 1770.0  0.102500
29 1772.5  0.081400
30 1775.0  0.064500
31 1777.5  0.049000
32 1780.0  0.033500
33 1782.5  0.025000
34 1785.0  0.016600
35 1787.5  0.009500
36 1790.0  0.007100
37 1792.5  0.004700
38 1795.0  0.002400
39 1797.5  0.001100
40 1800.0  0.000000
9 41 1700.0 1800.0 D1X
0 1700.0  0.250000
1 1702.5  0.249700
2 1705.0  0.249700
3 1707.5  0.249700
4 1710.0  0.249500
5 1712.5  0.249200
6 1715.0  0.248400
7 1717.5  0.248200
8 1720.0  0.247100
9 1722.5  0.246300
10 1725.0  0.245000
11 1727.5  0.244200
12 1730.0  0.243400
13 1732.5  0.242100
14 1735.0  0.240200
15 1737.5  0.238400
16 1740.0  0.235800
17 1742.5  0.233100
18 1745.0  0.228100
19 1747.5  0.222300
20 1750.0  0.216800
21 1752.5  0.207500
22 1755.0  0.198000
23 1757.5  0.185100
24 1760.0  0.170600
25 1762.5  0.156100
26 1765.0  0.136300
27 1767.5  0.113900
28 1770.0  0.097800
29 1772.5  0.077300
30 1775.0  0.065100
31 1777.5  0.047500
32 1780.0  0.034300
33 1782.5  0.025100
34 1785.0  0.015300
35 1787.5  0.009000
36 1790.0  0.005000
37 1792.5  0.003200
38 1795.0  0.001300
39 1797.5  0.000500
40 1800.0  0.000000
10 41 1700.0 1800.0 D1Xp
0 1700.0  0.250000
1 1702.5  0.249700
2 1705.0  0.249700
3 1707.5  0.249700
4 1710.0  0.249500
5 1712.5  0.249200
6 1715.0  0.248400
7 1717.5  0.248200
8 1720.0  0.247100
9 1722.5  0.246300
10 1725.0  0.245000
11 1727.5  0.244200
12 1730.0  0.243400
13 1732.5  0.242100
14 1735.0  0.240200
15 1737.5  0.238400
16 1740.0  0.235800
17 1742.5  0.233100
18 1745.0  0.228100
19 1747.5  0.222300
20 1750.0  0.216800
21 1752.5  0.207500
22 1755.0  0.198000
23 1757.5  0.185100
24 1760.0  0.170600
25 1762.5  0.156100
26 1765.0  0.136300
27 1767.5  0.113900
28 1770.0  0.097800
29 1772.5  0.077300
30 1775.0  0.065100
31 1777.5  0.047500
32 1780.0  0.034300
33 1782.5  0.025100
34 1785.0  0.015300
35 1787.5  0.009000
36 1790.0  0.005000
37 1792.5  0.003200
38 1795.0  0.001300
39 1797.5  0.000500
40 1800.0  0.000000
11 41 1700.0 1800.0 D1U
0 1700.0  0.250000
1 1702.5  0.249700
2 1705.0  0.248900
3 1707.5  0.248200
4 1710.0  0.247900
5 1712.5  0.247900
6 1715.0  0.247400
7 1717.5  0.246800
8 1720.0  0.246300
9 1722.5  0.245800
10 1725.0  0.244700
11 1727.5  0.242100
12 1730.0  0.241600
13 1732.5  0.241000
14 1735.0  0.238700
15 1737.5  0.237100
16 1740.0  0.233900
17 1742.5  0.232600
18 1745.0  0.229200
19 1747.5  0.222300
20 1750.0  0.217000
21 1752.5  0.210200
22 1755.0  0.202800
23 1757.5  0.193800
24 1760.0  0.183000
25 1762.5  0.171700
26 1765.0  0.154000
27 1767.5  0.131900
28 1770.0  0.118700
29 1772.5  0.097800
30 1775.0  0.081000
31 1777.5  0.061700
32 1780.0  0.044800
33 1782.5  0.032200
34 1785.0  0.020300
35 1787.5  0.013400
36 1790.0  0.008200
37 1792.5  0.005000
38 1795.0  0.003700
39 1797.5  0.000800
40 1800.0  0.000000
12 41 1700.0 1800.0 D1Up
0 1700.0  0.250000
1 1702.5  0.249700
2 1705.0  0.248900
3 1707.5  0.248200
4 1710.0  0.247900
5 1712.5  0.247900
6 1715.0  0.247400
7 1717.5  0.246800
8 1720.0  0.246300
9 1722.5  0.245800
10 1725.0  0.244700
11 1727.5  0.242100
12 1730.0  0.241600
13 1732.5  0.241000
14 1735.0  0.238700
15 1737.5  0.237100
16 1740.0  0.233900
17 1742.5  0.232600
18 1745.0  0.229200
19 1747.5  0.222300
20 1750.0  0.217000
21 1752.5  0.210200
22 1755.0  0.202800
23 1757.5  0.193800
24 1760.0  0.183000
25 1762.5  0.171700
26 1765.0  0.154000
27 1767.5  0.131900
28 1770.0  0.118700
29 1772.5  0.097800
30 1775.0  0.081000
31 1777.5  0.061700
32 1780.0  0.044800
33 1782.5  0.032200
34 1785.0  0.020300
35 1787.5  0.013400
36 1790.0  0.008200
37 1792.5  0.005000
38 1795.0  0.003700
39 1797.5  0.000800
40 1800.0  0.000000
13  105  1450.0 1710.0 D2V
0   1450.0  1.0105
0   1452.5  1.0103
0   1455.0  1.0098
0   1457.5  1.0090
0   1460.0  1.0079
0   1462.5  1.0066
0   1465.0  1.0050
0   1467.5  1.0033
0   1470.0  1.0013
0   1472.5  0.9993
0   1475.0  0.9971
0   1477.5  0.9948
0   1480.0  0.9925
0   1482.5  0.9901
0   1485.0  0.9878
0   1487.5  0.9854
0   1490.0  0.9831
0   1492.5  0.9809
0   1495.0  0.9788
0   1497.5  0.9768
0   1500.0  0.9750
0   1502.5  0.9734
0   1505.0  0.9719
0   1507.5  0.9708
0   1510.0  0.9698
0   1512.5  0.9691
0   1515.0  0.9685
0   1517.5  0.9680
0   1520.0  0.9674
0   1522.5  0.9667
0   1525.0  0.9658
0   1527.5  0.9647
0   1530.0  0.9632
0   1532.5  0.9614
0   1535.0  0.9590
0   1537.5  0.9560
0   1540.0  0.9525
0   1542.5  0.9483
0   1545.0  0.9434
0   1547.5  0.9379
0   1550.0  0.9317
0   1552.5  0.9248
0   1555.0  0.9172
0   1557.5  0.9089
0   1560.0  0.8999
0   1562.5  0.8902
0   1565.0  0.8796
0   1567.5  0.8683
0   1570.0  0.8563
0   1572.5  0.8436
0   1575.0  0.8302
0   1577.5  0.8162
0   1580.0  0.8016
0   1582.5  0.7865
0   1585.0  0.7708
0   1587.5  0.7547
0   1590.0  0.7382
0   1592.5  0.7212
0   1595.0  0.7039
0   1597.5  0.6863
0   1600.0  0.6684
0   1602.5  0.6502
0   1605.0  0.6318
0   1607.5  0.6132
0   1610.0  0.5944
0   1612.5  0.5755
0   1615.0  0.5565
0   1617.5  0.5374
0   1620.0  0.5182
0   1622.5  0.4990
0   1625.0  0.4798
0   1627.5  0.4606
0   1630.0  0.4415
0   1632.5  0.4224
0   1635.0  0.4035
0   1637.5  0.3847
0   1640.0  0.3660
0   1642.5  0.3475
0   1645.0  0.3292
0   1647.5  0.3112
0   1650.0  0.2934
0   1652.5  0.2759
0   1655.0  0.2587
0   1657.5  0.2418
0   1660.0  0.2252
0   1662.5  0.2089
0   1665.0  0.1929
0   1667.5  0.1773
0   1670.0  0.1619
0   1672.5  0.1469
0   1675.0  0.1323
0   1677.5  0.1179
0   1680.0  0.1039
0   1682.5  0.0903
0   1685.0  0.0770
0   1687.5  0.0644
0   1690.0  0.0524
0   1692.5  0.0413
0   1695.0  0.0312
0   1697.5  0.0223
0   1700.0  0.0147
0   1702.5  0.0085
0   1705.0  0.0039
0   1707.5  0.0010
0   1710.0  0.0000
14  105  1450.0 1710.0 D2Vp
0   1450.0  1.0105
0   1452.5  1.0104
0   1455.0  1.0100
0   1457.5  1.0093
0   1460.0  1.0084
0   1462.5  1.0074
0   1465.0  1.0061
0   1467.5  1.0048
0   1470.0  1.0033
0   1472.5  1.0016
0   1475.0  1.0000
0   1477.5  0.9982
0   1480.0  0.9965
0   1482.5  0.9947
0   1485.0  0.9929
0   1487.5  0.9912
0   1490.0  0.9896
0   1492.5  0.9880
0   1495.0  0.9866
0   1497.5  0.9852
0   1500.0  0.9841
0   1502.5  0.9831
0   1505.0  0.9823
0   1507.5  0.9818
0   1510.0  0.9815
0   1512.5  0.9814
0   1515.0  0.9814
0   1517.5  0.9813
0   1520.0  0.9812
0   1522.5  0.9810
0   1525.0  0.9805
0   1527.5  0.9796
0   1530.0  0.9784
0   1532.5  0.9766
0   1535.0  0.9742
0   1537.5  0.9712
0   1540.0  0.9674
0   1542.5  0.9629
0   1545.0  0.9576
0   1547.5  0.9517
0   1550.0  0.9450
0   1552.5  0.9376
0   1555.0  0.9294
0   1557.5  0.9206
0   1560.0  0.9110
0   1562.5  0.9007
0   1565.0  0.8897
0   1567.5  0.8780
0   1570.0  0.8656
0   1572.5  0.8526
0   1575.0  0.8390
0   1577.5  0.8247
0   1580.0  0.8100
0   1582.5  0.7947
0   1585.0  0.7789
0   1587.5  0.7627
0   1590.0  0.7461
0   1592.5  0.7290
0   1595.0  0.7117
0   1597.5  0.6940
0   1600.0  0.6760
0   1602.5  0.6578
0   1605.0  0.6393
0   1607.5  0.6206
0   1610.0  0.6018
0   1612.5  0.5827
0   1615.0  0.5635
0   1617.5  0.5442
0   1620.0  0.5248
0   1622.5  0.5054
0   1625.0  0.4859
0   1627.5  0.4664
0   1630.0  0.4469
0   1632.5  0.4275
0   1635.0  0.4082
0   1637.5  0.3890
0   1640.0  0.3701
0   1642.5  0.3513
0   1645.0  0.3328
0   1647.5  0.3146
0   1650.0  0.2967
0   1652.5  0.2791
0   1655.0  0.2620
0   1657.5  0.2452
0   1660.0  0.2288
0   1662.5  0.2128
0   1665.0  0.1970
0   1667.5  0.1816
0   1670.0  0.1665
0   1672.5  0.1516
0   1675.0  0.1371
0   1677.5  0.1227
0   1680.0  0.1086
0   1682.5  0.0948
0   1685.0  0.0812
0   1687.5  0.0681
0   1690.0  0.0556
0   1692.5  0.0440
0   1695.0  0.0334
0   1697.5  0.0239
0   1700.0  0.0157
0   1702.5  0.0091
0   1705.0  0.0042
0   1707.5  0.0011
0   1710.0  0.0000
15  105  1450.0 1710.0 D2Xp
0   1450.0  1.0415
0   1452.5  1.0413
0   1455.0  1.0406
0   1457.5  1.0394
0   1460.0  1.0379
0   1462.5  1.0361
0   1465.0  1.0340
0   1467.5  1.0316
0   1470.0  1.0289
0   1472.5  1.0261
0   1475.0  1.0232
0   1477.5  1.0201
0   1480.0  1.0170
0   1482.5  1.0139
0   1485.0  1.0108
0   1487.5  1.0077
0   1490.0  1.0047
0   1492.5  1.0019
0   1495.0  0.9992
0   1497.5  0.9968
0   1500.0  0.9946
0   1502.5  0.9927
0   1505.0  0.9911
0   1507.5  0.9899
0   1510.0  0.9891
0   1512.5  0.9885
0   1515.0  0.9882
0   1517.5  0.9879
0   1520.0  0.9874
0   1522.5  0.9868
0   1525.0  0.9858
0   1527.5  0.9842
0   1530.0  0.9821
0   1532.5  0.9791
0   1535.0  0.9753
0   1537.5  0.9705
0   1540.0  0.9645
0   1542.5  0.9576
0   1545.0  0.9497
0   1547.5  0.9410
0   1550.0  0.9314
0   1552.5  0.9213
0   1555.0  0.9104
0   1557.5  0.8991
0   1560.0  0.8873
0   1562.5  0.8752
0   1565.0  0.8627
0   1567.5  0.8501
0   1570.0  0.8372
0   1572.5  0.8242
0   1575.0  0.8109
0   1577.5  0.7973
0   1580.0  0.7835
0   1582.5  0.7694
0   1585.0  0.7550
0   1587.5  0.7403
0   1590.0  0.7252
0   1592.5  0.7098
0   1595.0  0.6941
0   1597.5  0.6779
0   1600.0  0.6615
0   1602.5  0.6446
0   1605.0  0.6275
0   1607.5  0.6101
0   1610.0  0.5924
0   1612.5  0.5744
0   1615.0  0.5562
0   1617.5  0.5378
0   1620.0  0.5192
0   1622.5  0.5004
0   1625.0  0.4814
0   1627.5  0.4623
0   1630.0  0.4431
0   1632.5  0.4239
0   1635.0  0.4047
0   1637.5  0.3855
0   1640.0  0.3665
0   1642.5  0.3476
0   1645.0  0.3288
0   1647.5  0.3104
0   1650.0  0.2921
0   1652.5  0.2742
0   1655.0  0.2567
0   1657.5  0.2395
0   1660.0  0.2227
0   1662.5  0.2063
0   1665.0  0.1902
0   1667.5  0.1745
0   1670.0  0.1592
0   1672.5  0.1442
0   1675.0  0.1297
0   1677.5  0.1154
0   1680.0  0.1016
0   1682.5  0.0881
0   1685.0  0.0751
0   1687.5  0.0627
0   1690.0  0.0510
0   1692.5  0.0402
0   1695.0  0.0303
0   1697.5  0.0216
0   1700.0  0.0142
0   1702.5  0.0082
0   1705.0  0.0037
0   1707.5  0.0010
0   1710.0  0.0000
16  105  1450.0 1710.0 D2X
0   1450.0  1.0415
0   1452.5  1.0412
0   1455.0  1.0404
0   1457.5  1.0391
0   1460.0  1.0373
0   1462.5  1.0351
0   1465.0  1.0326
0   1467.5  1.0298
0   1470.0  1.0267
0   1472.5  1.0233
0   1475.0  1.0198
0   1477.5  1.0162
0   1480.0  1.0125
0   1482.5  1.0087
0   1485.0  1.0049
0   1487.5  1.0012
0   1490.0  0.9976
0   1492.5  0.9941
0   1495.0  0.9908
0   1497.5  0.9877
0   1500.0  0.9849
0   1502.5  0.9824
0   1505.0  0.9803
0   1507.5  0.9786
0   1510.0  0.9773
0   1512.5  0.9763
0   1515.0  0.9755
0   1517.5  0.9748
0   1520.0  0.9740
0   1522.5  0.9730
0   1525.0  0.9716
0   1527.5  0.9696
0   1530.0  0.9670
0   1532.5  0.9636
0   1535.0  0.9593
0   1537.5  0.9539
0   1540.0  0.9473
0   1542.5  0.9398
0   1545.0  0.9312
0   1547.5  0.9219
0   1550.0  0.9118
0   1552.5  0.9011
0   1555.0  0.8898
0   1557.5  0.8781
0   1560.0  0.8661
0   1562.5  0.8538
0   1565.0  0.8414
0   1567.5  0.8290
0   1570.0  0.8165
0   1572.5  0.8040
0   1575.0  0.7914
0   1577.5  0.7786
0   1580.0  0.7657
0   1582.5  0.7526
0   1585.0  0.7392
0   1587.5  0.7255
0   1590.0  0.7116
0   1592.5  0.6973
0   1595.0  0.6826
0   1597.5  0.6675
0   1600.0  0.6520
0   1602.5  0.6361
0   1605.0  0.6199
0   1607.5  0.6034
0   1610.0  0.5865
0   1612.5  0.5693
0   1615.0  0.5519
0   1617.5  0.5342
0   1620.0  0.5162
0   1622.5  0.4981
0   1625.0  0.4797
0   1627.5  0.4611
0   1630.0  0.4425
0   1632.5  0.4237
0   1635.0  0.4049
0   1637.5  0.3861
0   1640.0  0.3674
0   1642.5  0.3487
0   1645.0  0.3302
0   1647.5  0.3119
0   1650.0  0.2938
0   1652.5  0.2759
0   1655.0  0.2584
0   1657.5  0.2412
0   1660.0  0.2243
0   1662.5  0.2078
0   1665.0  0.1916
0   1667.5  0.1757
0   1670.0  0.1603
0   1672.5  0.1451
0   1675.0  0.1304
0   1677.5  0.1160
0   1680.0  0.1020
0   1682.5  0.0885
0   1685.0  0.0754
0   1687.5  0.0629
0   1690.0  0.0511
0   1692.5  0.0402
0   1695.0  0.0304
0   1697.5  0.0216
0   1700.0  0.0142
0   1702.5  0.0082
0   1705.0  0.0037
0   1707.5  0.0010
0   1710.0  0.0000
17  105  1450.0 1710.0 D2U
0   1450.0  1.0105
0   1452.5  1.0103
0   1455.0  1.0097
0   1457.5  1.0088
0   1460.0  1.0076
0   1462.5  1.0061
0   1465.0  1.0043
0   1467.5  1.0023
0   1470.0  1.0002
0   1472.5  0.9979
0   1475.0  0.9955
0   1477.5  0.9930
0   1480.0  0.9905
0   1482.5  0.9880
0   1485.0  0.9855
0   1487.5  0.9831
0   1490.0  0.9807
0   1492.5  0.9785
0   1495.0  0.9765
0   1497.5  0.9746
0   1500.0  0.9730
0   1502.5  0.9716
0   1505.0  0.9705
0   1507.5  0.9697
0   1510.0  0.9693
0   1512.5  0.9692
0   1515.0  0.9692
0   1517.5  0.9693
0   1520.0  0.9692
0   1522.5  0.9691
0   1525.0  0.9686
0   1527.5  0.9678
0   1530.0  0.9664
0   1532.5  0.9644
0   1535.0  0.9618
0   1537.5  0.9582
0   1540.0  0.9538
0   1542.5  0.9485
0   1545.0  0.9424
0   1547.5  0.9355
0   1550.0  0.9278
0   1552.5  0.9193
0   1555.0  0.9101
0   1557.5  0.9002
0   1560.0  0.8896
0   1562.5  0.8784
0   1565.0  0.8666
0   1567.5  0.8542
0   1570.0  0.8412
0   1572.5  0.8277
0   1575.0  0.8137
0   1577.5  0.7992
0   1580.0  0.7842
0   1582.5  0.7689
0   1585.0  0.7531
0   1587.5  0.7370
0   1590.0  0.7205
0   1592.5  0.7037
0   1595.0  0.6866
0   1597.5  0.6692
0   1600.0  0.6516
0   1602.5  0.6337
0   1605.0  0.6156
0   1607.5  0.5972
0   1610.0  0.5786
0   1612.5  0.5598
0   1615.0  0.5408
0   1617.5  0.5216
0   1620.0  0.5022
0   1622.5  0.4826
0   1625.0  0.4628
0   1627.5  0.4430
0   1630.0  0.4230
0   1632.5  0.4030
0   1635.0  0.3831
0   1637.5  0.3633
0   1640.0  0.3437
0   1642.5  0.3244
0   1645.0  0.3054
0   1647.5  0.2867
0   1650.0  0.2685
0   1652.5  0.2508
0   1655.0  0.2337
0   1657.5  0.2171
0   1660.0  0.2010
0   1662.5  0.1854
0   1665.0  0.1704
0   1667.5  0.1558
0   1670.0  0.1417
0   1672.5  0.1280
0   1675.0  0.1148
0   1677.5  0.1020
0   1680.0  0.0896
0   1682.5  0.0776
0   1685.0  0.0660
0   1687.5  0.0550
0   1690.0  0.0447
0   1692.5  0.0352
0   1695.0  0.0265
0   1697.5  0.0189
0   1700.0  0.0124
0   1702.5  0.0071
0   1705.0  0.0033
0   1707.5  0.0008
0   1710.0  0.0000
18  105  1450.0 1710.0 D2Up
0   1450.0  1.0105
0   1452.5  1.0103
0   1455.0  1.0099
0   1457.5  1.0092
0   1460.0  1.0082
0   1462.5  1.0071
0   1465.0  1.0057
0   1467.5  1.0042
0   1470.0  1.0025
0   1472.5  1.0007
0   1475.0  0.9989
0   1477.5  0.9969
0   1480.0  0.9950
0   1482.5  0.9930
0   1485.0  0.9910
0   1487.5  0.9891
0   1490.0  0.9872
0   1492.5  0.9855
0   1495.0  0.9838
0   1497.5  0.9823
0   1500.0  0.9810
0   1502.5  0.9798
0   1505.0  0.9789
0   1507.5  0.9782
0   1510.0  0.9778
0   1512.5  0.9775
0   1515.0  0.9774
0   1517.5  0.9773
0   1520.0  0.9771
0   1522.5  0.9768
0   1525.0  0.9763
0   1527.5  0.9754
0   1530.0  0.9742
0   1532.5  0.9725
0   1535.0  0.9701
0   1537.5  0.9672
0   1540.0  0.9635
0   1542.5  0.9591
0   1545.0  0.9539
0   1547.5  0.9480
0   1550.0  0.9413
0   1552.5  0.9339
0   1555.0  0.9257
0   1557.5  0.9167
0   1560.0  0.9070
0   1562.5  0.8964
0   1565.0  0.8850
0   1567.5  0.8728
0   1570.0  0.8598
0   1572.5  0.8461
0   1575.0  0.8317
0   1577.5  0.8167
0   1580.0  0.8012
0   1582.5  0.7851
0   1585.0  0.7687
0   1587.5  0.7518
0   1590.0  0.7347
0   1592.5  0.7172
0   1595.0  0.6996
0   1597.5  0.6818
0   1600.0  0.6639
0   1602.5  0.6458
0   1605.0  0.6275
0   1607.5  0.6090
0   1610.0  0.5904
0   1612.5  0.5717
0   1615.0  0.5527
0   1617.5  0.5336
0   1620.0  0.5143
0   1622.5  0.4948
0   1625.0  0.4751
0   1627.5  0.4553
0   1630.0  0.4354
0   1632.5  0.4155
0   1635.0  0.3957
0   1637.5  0.3759
0   1640.0  0.3564
0   1642.5  0.3370
0   1645.0  0.3179
0   1647.5  0.2992
0   1650.0  0.2808
0   1652.5  0.2630
0   1655.0  0.2456
0   1657.5  0.2288
0   1660.0  0.2124
0   1662.5  0.1965
0   1665.0  0.1811
0   1667.5  0.1661
0   1670.0  0.1515
0   1672.5  0.1373
0   1675.0  0.1235
0   1677.5  0.1100
0   1680.0  0.0969
0   1682.5  0.0842
0   1685.0  0.0718
0   1687.5  0.0600
0   1690.0  0.0488
0   1692.5  0.0385
0   1695.0  0.0291
0   1697.5  0.0208
0   1700.0  0.0136
0   1702.5  0.0079
0   1705.0  0.0036
0   1707.5  0.0009
0   1710.0  0.0000
19  89  1360.0 1580.0 D3pVp
0   1360.0  1.0000
0   1362.5  1.0000
0   1365.0  0.9999
0   1367.5  0.9998
0   1370.0  0.9995
0   1372.5  0.9992
0   1375.0  0.9986
0   1377.5  0.9979
0   1380.0  0.9969
0   1382.5  0.9956
0   1385.0  0.9941
0   1387.5  0.9923
0   1390.0  0.9900
0   1392.5  0.9875
0   1395.0  0.9845
0   1397.5  0.9810
0   1400.0  0.9771
0   1402.5  0.9727
0   1405.0  0.9677
0   1407.5  0.9622
0   1410.0  0.9561
0   1412.5  0.9493
0   1415.0  0.9419
0   1417.5  0.9338
0   1420.0  0.9249
0   1422.5  0.9152
0   1425.0  0.9047
0   1427.5  0.8933
0   1430.0  0.8810
0   1432.5  0.8677
0   1435.0  0.8535
0   1437.5  0.8383
0   1440.0  0.8222
0   1442.5  0.8053
0   1445.0  0.7877
0   1447.5  0.7695
0   1450.0  0.7507
0   1452.5  0.7314
0   1455.0  0.7117
0   1457.5  0.6918
0   1460.0  0.6716
0   1462.5  0.6512
0   1465.0  0.6306
0   1467.5  0.6100
0   1470.0  0.5894
0   1472.5  0.5688
0   1475.0  0.5482
0   1477.5  0.5278
0   1480.0  0.5075
0   1482.5  0.4875
0   1485.0  0.4677
0   1487.5  0.4482
0   1490.0  0.4289
0   1492.5  0.4099
0   1495.0  0.3911
0   1497.5  0.3726
0   1500.0  0.3543
0   1502.5  0.3363
0   1505.0  0.3184
0   1507.5  0.3009
0   1510.0  0.2835
0   1512.5  0.2666
0   1515.0  0.2500
0   1517.5  0.2339
0   1520.0  0.2183
0   1522.5  0.2034
0   1525.0  0.1893
0   1527.5  0.1759
0   1530.0  0.1634
0   1532.5  0.1518
0   1535.0  0.1411
0   1537.5  0.1311
0   1540.0  0.1218
0   1542.5  0.1129
0   1545.0  0.1042
0   1547.5  0.0958
0   1550.0  0.0873
0   1552.5  0.0787
0   1555.0  0.0698
0   1557.5  0.0605
0   1560.0  0.0509
0   1562.5  0.0413
0   1565.0  0.0321
0   1567.5  0.0235
0   1570.0  0.0158
0   1572.5  0.0093
0   1575.0  0.0043
0   1577.5  0.0011
0   1580.0  0.0000
20  89  1360.0 1580.0 D3pV
0   1360.0  1.0000
0   1362.5  1.0000
0   1365.0  1.0000
0   1367.5  1.0000
0   1370.0  1.0000
0   1372.5  1.0000
0   1375.0  1.0000
0   1377.5  1.0000
0   1380.0  0.9996
0   1382.5  0.9989
0   1385.0  0.9980
0   1387.5  0.9968
0   1390.0  0.9952
0   1392.5  0.9933
0   1395.0  0.9909
0   1397.5  0.9880
0   1400.0  0.9847
0   1402.5  0.9807
0   1405.0  0.9762
0   1407.5  0.9711
0   1410.0  0.9653
0   1412.5  0.9588
0   1415.0  0.9515
0   1417.5  0.9435
0   1420.0  0.9346
0   1422.5  0.9248
0   1425.0  0.9140
0   1427.5  0.9023
0   1430.0  0.8896
0   1432.5  0.8758
0   1435.0  0.8609
0   1437.5  0.8450
0   1440.0  0.8281
0   1442.5  0.8105
0   1445.0  0.7921
0   1447.5  0.7732
0   1450.0  0.7538
0   1452.5  0.7340
0   1455.0  0.7141
0   1457.5  0.6940
0   1460.0  0.6740
0   1462.5  0.6539
0   1465.0  0.6339
0   1467.5  0.6140
0   1470.0  0.5940
0   1472.5  0.5740
0   1475.0  0.5541
0   1477.5  0.5341
0   1480.0  0.5142
0   1482.5  0.4943
0   1485.0  0.4743
0   1487.5  0.4545
0   1490.0  0.4347
0   1492.5  0.4152
0   1495.0  0.3958
0   1497.5  0.3768
0   1500.0  0.3581
0   1502.5  0.3398
0   1505.0  0.3219
0   1507.5  0.3046
0   1510.0  0.2879
0   1512.5  0.2716
0   1515.0  0.2560
0   1517.5  0.2408
0   1520.0  0.2262
0   1522.5  0.2122
0   1525.0  0.1986
0   1527.5  0.1855
0   1530.0  0.1730
0   1532.5  0.1609
0   1535.0  0.1493
0   1537.5  0.1380
0   1540.0  0.1272
0   1542.5  0.1166
0   1545.0  0.1063
0   1547.5  0.0962
0   1550.0  0.0863
0   1552.5  0.0764
0   1555.0  0.0666
0   1557.5  0.0568
0   1560.0  0.0471
0   1562.5  0.0378
0   1565.0  0.0290
0   1567.5  0.0210
0   1570.0  0.0140
0   1572.5  0.0082
0   1575.0  0.0038
0   1577.5  0.0010
0   1580.0  0.0000
21  89  1360.0 1580.0 D3pXp
0   1360.0  1.0000
0   1362.5  1.0000
0   1365.0  0.9999
0   1367.5  0.9998
0   1370.0  0.9996
0   1372.5  0.9993
0   1375.0  0.9988
0   1377.5  0.9981
0   1380.0  0.9972
0   1382.5  0.9960
0   1385.0  0.9946
0   1387.5  0.9928
0   1390.0  0.9907
0   1392.5  0.9882
0   1395.0  0.9853
0   1397.5  0.9820
0   1400.0  0.9782
0   1402.5  0.9739
0   1405.0  0.9690
0   1407.5  0.9636
0   1410.0  0.9576
0   1412.5  0.9510
0   1415.0  0.9437
0   1417.5  0.9356
0   1420.0  0.9268
0   1422.5  0.9172
0   1425.0  0.9068
0   1427.5  0.8954
0   1430.0  0.8831
0   1432.5  0.8698
0   1435.0  0.8555
0   1437.5  0.8402
0   1440.0  0.8240
0   1442.5  0.8070
0   1445.0  0.7893
0   1447.5  0.7709
0   1450.0  0.7521
0   1452.5  0.7327
0   1455.0  0.7131
0   1457.5  0.6931
0   1460.0  0.6730
0   1462.5  0.6527
0   1465.0  0.6323
0   1467.5  0.6119
0   1470.0  0.5914
0   1472.5  0.5710
0   1475.0  0.5506
0   1477.5  0.5303
0   1480.0  0.5101
0   1482.5  0.4901
0   1485.0  0.4703
0   1487.5  0.4507
0   1490.0  0.4314
0   1492.5  0.4124
0   1495.0  0.3937
0   1497.5  0.3753
0   1500.0  0.3574
0   1502.5  0.3399
0   1505.0  0.3228
0   1507.5  0.3063
0   1510.0  0.2903
0   1512.5  0.2747
0   1515.0  0.2597
0   1517.5  0.2451
0   1520.0  0.2310
0   1522.5  0.2174
0   1525.0  0.2041
0   1527.5  0.1914
0   1530.0  0.1790
0   1532.5  0.1670
0   1535.0  0.1554
0   1537.5  0.1442
0   1540.0  0.1332
0   1542.5  0.1224
0   1545.0  0.1119
0   1547.5  0.1014
0   1550.0  0.0911
0   1552.5  0.0808
0   1555.0  0.0705
0   1557.5  0.0602
0   1560.0  0.0500
0   1562.5  0.0401
0   1565.0  0.0309
0   1567.5  0.0224
0   1570.0  0.0149
0   1572.5  0.0087
0   1575.0  0.0040
0   1577.5  0.0010
0   1580.0  0.0000
22  89  1360.0 1580.0 D3pX
0   1360.0  1.0000
0   1362.5  1.0000
0   1365.0  0.9998
0   1367.5  0.9995
0   1370.0  0.9991
0   1372.5  0.9986
0   1375.0  0.9978
0   1377.5  0.9968
0   1380.0  0.9956
0   1382.5  0.9942
0   1385.0  0.9925
0   1387.5  0.9905
0   1390.0  0.9881
0   1392.5  0.9855
0   1395.0  0.9825
0   1397.5  0.9791
0   1400.0  0.9753
0   1402.5  0.9712
0   1405.0  0.9665
0   1407.5  0.9614
0   1410.0  0.9559
0   1412.5  0.9498
0   1415.0  0.9431
0   1417.5  0.9357
0   1420.0  0.9276
0   1422.5  0.9186
0   1425.0  0.9088
0   1427.5  0.8979
0   1430.0  0.8860
0   1432.5  0.8729
0   1435.0  0.8587
0   1437.5  0.8432
0   1440.0  0.8268
0   1442.5  0.8094
0   1445.0  0.7913
0   1447.5  0.7724
0   1450.0  0.7531
0   1452.5  0.7333
0   1455.0  0.7133
0   1457.5  0.6931
0   1460.0  0.6729
0   1462.5  0.6526
0   1465.0  0.6324
0   1467.5  0.6122
0   1470.0  0.5920
0   1472.5  0.5719
0   1475.0  0.5518
0   1477.5  0.5318
0   1480.0  0.5119
0   1482.5  0.4921
0   1485.0  0.4723
0   1487.5  0.4528
0   1490.0  0.4334
0   1492.5  0.4143
0   1495.0  0.3955
0   1497.5  0.3770
0   1500.0  0.3588
0   1502.5  0.3411
0   1505.0  0.3238
0   1507.5  0.3070
0   1510.0  0.2907
0   1512.5  0.2749
0   1515.0  0.2596
0   1517.5  0.2449
0   1520.0  0.2307
0   1522.5  0.2170
0   1525.0  0.2039
0   1527.5  0.1912
0   1530.0  0.1791
0   1532.5  0.1676
0   1535.0  0.1565
0   1537.5  0.1459
0   1540.0  0.1355
0   1542.5  0.1254
0   1545.0  0.1155
0   1547.5  0.1056
0   1550.0  0.0956
0   1552.5  0.0856
0   1555.0  0.0753
0   1557.5  0.0648
0   1560.0  0.0542
0   1562.5  0.0438
0   1565.0  0.0339
0   1567.5  0.0247
0   1570.0  0.0166
0   1572.5  0.0097
0   1575.0  0.0045
0   1577.5  0.0012
0   1580.0  0.0000
23  89  1360.0 1580.0 D3pUp
0   1360.0  1.0000
0   1362.5  1.0000
0   1365.0  0.9998
0   1367.5  0.9995
0   1370.0  0.9990
0   1372.5  0.9984
0   1375.0  0.9976
0   1377.5  0.9965
0   1380.0  0.9952
0   1382.5  0.9936
0   1385.0  0.9918
0   1387.5  0.9896
0   1390.0  0.9871
0   1392.5  0.9842
0   1395.0  0.9809
0   1397.5  0.9773
0   1400.0  0.9732
0   1402.5  0.9687
0   1405.0  0.9637
0   1407.5  0.9582
0   1410.0  0.9522
0   1412.5  0.9456
0   1415.0  0.9385
0   1417.5  0.9306
0   1420.0  0.9220
0   1422.5  0.9125
0   1425.0  0.9022
0   1427.5  0.8909
0   1430.0  0.8786
0   1432.5  0.8652
0   1435.0  0.8507
0   1437.5  0.8350
0   1440.0  0.8184
0   1442.5  0.8009
0   1445.0  0.7827
0   1447.5  0.7639
0   1450.0  0.7446
0   1452.5  0.7249
0   1455.0  0.7050
0   1457.5  0.6849
0   1460.0  0.6649
0   1462.5  0.6448
0   1465.0  0.6248
0   1467.5  0.6047
0   1470.0  0.5847
0   1472.5  0.5647
0   1475.0  0.5446
0   1477.5  0.5246
0   1480.0  0.5045
0   1482.5  0.4845
0   1485.0  0.4644
0   1487.5  0.4445
0   1490.0  0.4247
0   1492.5  0.4051
0   1495.0  0.3859
0   1497.5  0.3670
0   1500.0  0.3487
0   1502.5  0.3309
0   1505.0  0.3137
0   1507.5  0.2973
0   1510.0  0.2816
0   1512.5  0.2665
0   1515.0  0.2521
0   1517.5  0.2382
0   1520.0  0.2247
0   1522.5  0.2116
0   1525.0  0.1988
0   1527.5  0.1863
0   1530.0  0.1739
0   1532.5  0.1615
0   1535.0  0.1493
0   1537.5  0.1371
0   1540.0  0.1251
0   1542.5  0.1133
0   1545.0  0.1017
0   1547.5  0.0904
0   1550.0  0.0795
0   1552.5  0.0689
0   1555.0  0.0588
0   1557.5  0.0491
0   1560.0  0.0399
0   1562.5  0.0315
0   1565.0  0.0238
0   1567.5  0.0170
0   1570.0  0.0111
0   1572.5  0.0064
0   1575.0  0.0029
0   1577.5  0.0008
0   1580.0  0.0000
24  89  1360.0 1580.0 D3pU
0   1360.0  1.0000
0   1362.5  1.0000
0   1365.0  0.9998
0   1367.5  0.9996
0   1370.0  0.9992
0   1372.5  0.9987
0   1375.0  0.9979
0   1377.5  0.9969
0   1380.0  0.9956
0   1382.5  0.9941
0   1385.0  0.9922
0   1387.5  0.9900
0   1390.0  0.9874
0   1392.5  0.9844
0   1395.0  0.9810
0   1397.5  0.9771
0   1400.0  0.9727
0   1402.5  0.9678
0   1405.0  0.9623
0   1407.5  0.9563
0   1410.0  0.9497
0   1412.5  0.9424
0   1415.0  0.9344
0   1417.5  0.9258
0   1420.0  0.9164
0   1422.5  0.9063
0   1425.0  0.8954
0   1427.5  0.8837
0   1430.0  0.8711
0   1432.5  0.8577
0   1435.0  0.8434
0   1437.5  0.8282
0   1440.0  0.8122
0   1442.5  0.7955
0   1445.0  0.7782
0   1447.5  0.7603
0   1450.0  0.7419
0   1452.5  0.7230
0   1455.0  0.7038
0   1457.5  0.6843
0   1460.0  0.6645
0   1462.5  0.6446
0   1465.0  0.6245
0   1467.5  0.6043
0   1470.0  0.5840
0   1472.5  0.5637
0   1475.0  0.5434
0   1477.5  0.5231
0   1480.0  0.5029
0   1482.5  0.4828
0   1485.0  0.4629
0   1487.5  0.4431
0   1490.0  0.4235
0   1492.5  0.4042
0   1495.0  0.3852
0   1497.5  0.3665
0   1500.0  0.3482
0   1502.5  0.3302
0   1505.0  0.3128
0   1507.5  0.2957
0   1510.0  0.2792
0   1512.5  0.2632
0   1515.0  0.2477
0   1517.5  0.2327
0   1520.0  0.2183
0   1522.5  0.2043
0   1525.0  0.1909
0   1527.5  0.1780
0   1530.0  0.1656
0   1532.5  0.1538
0   1535.0  0.1424
0   1537.5  0.1315
0   1540.0  0.1210
0   1542.5  0.1109
0   1545.0  0.1010
0   1547.5  0.0913
0   1550.0  0.0819
0   1552.5  0.0725
0   1555.0  0.0631
0   1557.5  0.0538
0   1560.0  0.0446
0   1562.5  0.0358
0   1565.0  0.0275
0   1567.5  0.0199
0   1570.0  0.0133
0   1572.5  0.0078
0   1575.0  0.0036
0   1577.5  0.0009
0   1580.0  0.0000
25  87  1490.0 1705.0 D3mVp
0   1490.0  1.0000
0   1492.5  1.0000
0   1495.0  1.0000
0   1497.5  1.0000
0   1500.0  1.0000
0   1502.5  0.9997
0   1505.0  0.9994
0   1507.5  0.9988
0   1510.0  0.9979
0   1512.5  0.9967
0   1515.0  0.9952
0   1517.5  0.9932
0   1520.0  0.9908
0   1522.5  0.9880
0   1525.0  0.9845
0   1527.5  0.9805
0   1530.0  0.9759
0   1532.5  0.9706
0   1535.0  0.9645
0   1537.5  0.9577
0   1540.0  0.9501
0   1542.5  0.9416
0   1545.0  0.9323
0   1547.5  0.9222
0   1550.0  0.9112
0   1552.5  0.8993
0   1555.0  0.8865
0   1557.5  0.8729
0   1560.0  0.8583
0   1562.5  0.8429
0   1565.0  0.8266
0   1567.5  0.8094
0   1570.0  0.7916
0   1572.5  0.7732
0   1575.0  0.7542
0   1577.5  0.7348
0   1580.0  0.7151
0   1582.5  0.6952
0   1585.0  0.6751
0   1587.5  0.6549
0   1590.0  0.6348
0   1592.5  0.6146
0   1595.0  0.5944
0   1597.5  0.5742
0   1600.0  0.5540
0   1602.5  0.5339
0   1605.0  0.5137
0   1607.5  0.4937
0   1610.0  0.4736
0   1612.5  0.4537
0   1615.0  0.4338
0   1617.5  0.4142
0   1620.0  0.3947
0   1622.5  0.3754
0   1625.0  0.3565
0   1627.5  0.3378
0   1630.0  0.3195
0   1632.5  0.3017
0   1635.0  0.2842
0   1637.5  0.2673
0   1640.0  0.2509
0   1642.5  0.2350
0   1645.0  0.2196
0   1647.5  0.2048
0   1650.0  0.1907
0   1652.5  0.1771
0   1655.0  0.1642
0   1657.5  0.1520
0   1660.0  0.1404
0   1662.5  0.1294
0   1665.0  0.1190
0   1667.5  0.1090
0   1670.0  0.0993
0   1672.5  0.0900
0   1675.0  0.0808
0   1677.5  0.0718
0   1680.0  0.0628
0   1682.5  0.0537
0   1685.0  0.0447
0   1687.5  0.0360
0   1690.0  0.0277
0   1692.5  0.0202
0   1695.0  0.0135
0   1697.5  0.0079
0   1700.0  0.0037
0   1702.5  0.0009
0   1705.0  0.0000
26  87  1490.0 1705.0 D3mV
0   1490.0  1.0000
0   1492.5  1.0000
0   1495.0  1.0000
0   1497.5  1.0000
0   1500.0  0.9999
0   1502.5  0.9997
0   1505.0  0.9993
0   1507.5  0.9986
0   1510.0  0.9977
0   1512.5  0.9966
0   1515.0  0.9950
0   1517.5  0.9931
0   1520.0  0.9907
0   1522.5  0.9879
0   1525.0  0.9846
0   1527.5  0.9806
0   1530.0  0.9761
0   1532.5  0.9709
0   1535.0  0.9651
0   1537.5  0.9585
0   1540.0  0.9511
0   1542.5  0.9429
0   1545.0  0.9338
0   1547.5  0.9239
0   1550.0  0.9131
0   1552.5  0.9014
0   1555.0  0.8887
0   1557.5  0.8750
0   1560.0  0.8603
0   1562.5  0.8446
0   1565.0  0.8279
0   1567.5  0.8103
0   1570.0  0.7919
0   1572.5  0.7728
0   1575.0  0.7532
0   1577.5  0.7331
0   1580.0  0.7128
0   1582.5  0.6922
0   1585.0  0.6716
0   1587.5  0.6510
0   1590.0  0.6305
0   1592.5  0.6101
0   1595.0  0.5897
0   1597.5  0.5694
0   1600.0  0.5492
0   1602.5  0.5291
0   1605.0  0.5090
0   1607.5  0.4891
0   1610.0  0.4692
0   1612.5  0.4494
0   1615.0  0.4297
0   1617.5  0.4103
0   1620.0  0.3911
0   1622.5  0.3722
0   1625.0  0.3537
0   1627.5  0.3356
0   1630.0  0.3180
0   1632.5  0.3009
0   1635.0  0.2843
0   1637.5  0.2684
0   1640.0  0.2530
0   1642.5  0.2381
0   1645.0  0.2237
0   1647.5  0.2097
0   1650.0  0.1962
0   1652.5  0.1831
0   1655.0  0.1704
0   1657.5  0.1580
0   1660.0  0.1460
0   1662.5  0.1343
0   1665.0  0.1229
0   1667.5  0.1118
0   1670.0  0.1010
0   1672.5  0.0905
0   1675.0  0.0803
0   1677.5  0.0703
0   1680.0  0.0606
0   1682.5  0.0512
0   1685.0  0.0421
0   1687.5  0.0335
0   1690.0  0.0255
0   1692.5  0.0184
0   1695.0  0.0122
0   1697.5  0.0071
0   1700.0  0.0032
0   1702.5  0.0008
0   1705.0  0.0000
27  87  1490.0 1705.0 D3mXp
0   1490.0  1.0000
0   1492.5  0.9999
0   1495.0  0.9994
0   1497.5  0.9987
0   1500.0  0.9977
0   1502.5  0.9964
0   1505.0  0.9947
0   1507.5  0.9928
0   1510.0  0.9906
0   1512.5  0.9881
0   1515.0  0.9852
0   1517.5  0.9821
0   1520.0  0.9786
0   1522.5  0.9748
0   1525.0  0.9707
0   1527.5  0.9663
0   1530.0  0.9615
0   1532.5  0.9564
0   1535.0  0.9510
0   1537.5  0.9452
0   1540.0  0.9391
0   1542.5  0.9326
0   1545.0  0.9255
0   1547.5  0.9177
0   1550.0  0.9091
0   1552.5  0.8996
0   1555.0  0.8891
0   1557.5  0.8774
0   1560.0  0.8645
0   1562.5  0.8501
0   1565.0  0.8344
0   1567.5  0.8174
0   1570.0  0.7994
0   1572.5  0.7806
0   1575.0  0.7610
0   1577.5  0.7409
0   1580.0  0.7205
0   1582.5  0.6998
0   1585.0  0.6793
0   1587.5  0.6588
0   1590.0  0.6386
0   1592.5  0.6185
0   1595.0  0.5985
0   1597.5  0.5786
0   1600.0  0.5587
0   1602.5  0.5388
0   1605.0  0.5188
0   1607.5  0.4986
0   1610.0  0.4783
0   1612.5  0.4579
0   1615.0  0.4373
0   1617.5  0.4169
0   1620.0  0.3966
0   1622.5  0.3766
0   1625.0  0.3570
0   1627.5  0.3379
0   1630.0  0.3194
0   1632.5  0.3017
0   1635.0  0.2848
0   1637.5  0.2688
0   1640.0  0.2536
0   1642.5  0.2390
0   1645.0  0.2250
0   1647.5  0.2116
0   1650.0  0.1986
0   1652.5  0.1860
0   1655.0  0.1737
0   1657.5  0.1616
0   1660.0  0.1497
0   1662.5  0.1379
0   1665.0  0.1264
0   1667.5  0.1150
0   1670.0  0.1039
0   1672.5  0.0930
0   1675.0  0.0823
0   1677.5  0.0719
0   1680.0  0.0619
0   1682.5  0.0521
0   1685.0  0.0427
0   1687.5  0.0339
0   1690.0  0.0258
0   1692.5  0.0185
0   1695.0  0.0123
0   1697.5  0.0071
0   1700.0  0.0033
0   1702.5  0.0008
0   1705.0  0.0000
28  87  1490.0 1705.0 D3mX
0   1490.0  1.0000
0   1492.5  0.9999
0   1495.0  0.9997
0   1497.5  0.9994
0   1500.0  0.9988
0   1502.5  0.9981
0   1505.0  0.9971
0   1507.5  0.9959
0   1510.0  0.9943
0   1512.5  0.9925
0   1515.0  0.9904
0   1517.5  0.9879
0   1520.0  0.9851
0   1522.5  0.9819
0   1525.0  0.9782
0   1527.5  0.9741
0   1530.0  0.9696
0   1532.5  0.9646
0   1535.0  0.9591
0   1537.5  0.9530
0   1540.0  0.9464
0   1542.5  0.9392
0   1545.0  0.9313
0   1547.5  0.9226
0   1550.0  0.9131
0   1552.5  0.9027
0   1555.0  0.8913
0   1557.5  0.8788
0   1560.0  0.8653
0   1562.5  0.8505
0   1565.0  0.8345
0   1567.5  0.8175
0   1570.0  0.7995
0   1572.5  0.7808
0   1575.0  0.7613
0   1577.5  0.7413
0   1580.0  0.7209
0   1582.5  0.7002
0   1585.0  0.6794
0   1587.5  0.6586
0   1590.0  0.6377
0   1592.5  0.6169
0   1595.0  0.5962
0   1597.5  0.5755
0   1600.0  0.5549
0   1602.5  0.5343
0   1605.0  0.5139
0   1607.5  0.4935
0   1610.0  0.4733
0   1612.5  0.4532
0   1615.0  0.4332
0   1617.5  0.4136
0   1620.0  0.3942
0   1622.5  0.3752
0   1625.0  0.3565
0   1627.5  0.3384
0   1630.0  0.3208
0   1632.5  0.3038
0   1635.0  0.2874
0   1637.5  0.2717
0   1640.0  0.2565
0   1642.5  0.2418
0   1645.0  0.2276
0   1647.5  0.2138
0   1650.0  0.2004
0   1652.5  0.1873
0   1655.0  0.1745
0   1657.5  0.1619
0   1660.0  0.1494
0   1662.5  0.1371
0   1665.0  0.1251
0   1667.5  0.1133
0   1670.0  0.1018
0   1672.5  0.0906
0   1675.0  0.0797
0   1677.5  0.0692
0   1680.0  0.0592
0   1682.5  0.0495
0   1685.0  0.0404
0   1687.5  0.0319
0   1690.0  0.0241
0   1692.5  0.0173
0   1695.0  0.0114
0   1697.5  0.0066
0   1700.0  0.0030
0   1702.5  0.0008
0   1705.0  0.0000
29  87  1490.0 1705.0 D3mUp
0   1490.0  1.0000
0   1492.5  1.0000
0   1495.0  1.0000
0   1497.5  0.9999
0   1500.0  0.9997
0   1502.5  0.9994
0   1505.0  0.9989
0   1507.5  0.9982
0   1510.0  0.9972
0   1512.5  0.9960
0   1515.0  0.9943
0   1517.5  0.9923
0   1520.0  0.9899
0   1522.5  0.9870
0   1525.0  0.9837
0   1527.5  0.9797
0   1530.0  0.9752
0   1532.5  0.9701
0   1535.0  0.9643
0   1537.5  0.9578
0   1540.0  0.9505
0   1542.5  0.9425
0   1545.0  0.9337
0   1547.5  0.9241
0   1550.0  0.9137
0   1552.5  0.9025
0   1555.0  0.8904
0   1557.5  0.8774
0   1560.0  0.8635
0   1562.5  0.8488
0   1565.0  0.8331
0   1567.5  0.8167
0   1570.0  0.7995
0   1572.5  0.7816
0   1575.0  0.7631
0   1577.5  0.7440
0   1580.0  0.7245
0   1582.5  0.7046
0   1585.0  0.6843
0   1587.5  0.6638
0   1590.0  0.6431
0   1592.5  0.6222
0   1595.0  0.6012
0   1597.5  0.5801
0   1600.0  0.5590
0   1602.5  0.5379
0   1605.0  0.5169
0   1607.5  0.4960
0   1610.0  0.4752
0   1612.5  0.4546
0   1615.0  0.4343
0   1617.5  0.4143
0   1620.0  0.3946
0   1622.5  0.3753
0   1625.0  0.3564
0   1627.5  0.3380
0   1630.0  0.3201
0   1632.5  0.3027
0   1635.0  0.2860
0   1637.5  0.2698
0   1640.0  0.2543
0   1642.5  0.2392
0   1645.0  0.2246
0   1647.5  0.2105
0   1650.0  0.1969
0   1652.5  0.1836
0   1655.0  0.1706
0   1657.5  0.1580
0   1660.0  0.1457
0   1662.5  0.1337
0   1665.0  0.1220
0   1667.5  0.1106
0   1670.0  0.0995
0   1672.5  0.0888
0   1675.0  0.0784
0   1677.5  0.0683
0   1680.0  0.0586
0   1682.5  0.0492
0   1685.0  0.0403
0   1687.5  0.0319
0   1690.0  0.0242
0   1692.5  0.0174
0   1695.0  0.0115
0   1697.5  0.0066
0   1700.0  0.0030
0   1702.5  0.0008
0   1705.0  0.0000
30  87  1490.0 1705.0 D3mU
0   1490.0  1.0000
0   1492.5  0.9999
0   1495.0  0.9995
0   1497.5  0.9988
0   1500.0  0.9979
0   1502.5  0.9966
0   1505.0  0.9951
0   1507.5  0.9932
0   1510.0  0.9911
0   1512.5  0.9886
0   1515.0  0.9857
0   1517.5  0.9826
0   1520.0  0.9790
0   1522.5  0.9752
0   1525.0  0.9709
0   1527.5  0.9663
0   1530.0  0.9613
0   1532.5  0.9558
0   1535.0  0.9500
0   1537.5  0.9438
0   1540.0  0.9371
0   1542.5  0.9299
0   1545.0  0.9222
0   1547.5  0.9137
0   1550.0  0.9045
0   1552.5  0.8945
0   1555.0  0.8835
0   1557.5  0.8715
0   1560.0  0.8584
0   1562.5  0.8441
0   1565.0  0.8287
0   1567.5  0.8121
0   1570.0  0.7946
0   1572.5  0.7763
0   1575.0  0.7572
0   1577.5  0.7377
0   1580.0  0.7177
0   1582.5  0.6974
0   1585.0  0.6769
0   1587.5  0.6564
0   1590.0  0.6359
0   1592.5  0.6154
0   1595.0  0.5949
0   1597.5  0.5744
0   1600.0  0.5539
0   1602.5  0.5334
0   1605.0  0.5130
0   1607.5  0.4926
0   1610.0  0.4722
0   1612.5  0.4519
0   1615.0  0.4317
0   1617.5  0.4116
0   1620.0  0.3918
0   1622.5  0.3723
0   1625.0  0.3531
0   1627.5  0.3342
0   1630.0  0.3159
0   1632.5  0.2981
0   1635.0  0.2808
0   1637.5  0.2641
0   1640.0  0.2480
0   1642.5  0.2325
0   1645.0  0.2175
0   1647.5  0.2031
0   1650.0  0.1892
0   1652.5  0.1759
0   1655.0  0.1631
0   1657.5  0.1508
0   1660.0  0.1390
0   1662.5  0.1277
0   1665.0  0.1168
0   1667.5  0.1064
0   1670.0  0.0962
0   1672.5  0.0864
0   1675.0  0.0769
0   1677.5  0.0676
0   1680.0  0.0585
0   1682.5  0.0496
0   1685.0  0.0410
0   1687.5  0.0327
0   1690.0  0.0250
0   1692.5  0.0180
0   1695.0  0.0120
0   1697.5  0.0070
0   1700.0  0.0032
0   1702.5  0.0008
0   1705.0  0.0000
47 256 560.0 1200.0 P1Y1
0 562.5  2.381250
1 565.0  2.381010
2 567.5  2.380660
3 570.0  2.380630
4 572.5  2.380660
5 575.0  2.380450
6 577.5  2.380080
7 580.0  2.379720
8 582.5  2.379490
9 585.0  2.379450
10 587.5  2.379490
11 590.0  2.379500
12 592.5  2.379490
13 595.0  2.379500
14 597.5  2.379490
15 600.0  2.379460
16 602.5  2.379490
17 605.0  2.379600
18 607.5  2.379490
19 610.0  2.378920
20 612.5  2.378320
21 615.0  2.378160
22 617.5  2.378320
23 620.0  2.378520
24 622.5  2.378320
25 625.0  2.377470
26 627.5  2.376570
27 630.0  2.376200
28 632.5  2.375980
29 635.0  2.375450
30 637.5  2.374810
31 640.0  2.374370
32 642.5  2.374230
33 645.0  2.374340
34 647.5  2.374230
35 650.0  2.373500
36 652.5  2.372470
37 655.0  2.371520
38 657.5  2.370710
39 660.0  2.369950
40 662.5  2.368960
41 665.0  2.367530
42 667.5  2.366030
43 670.0  2.364760
44 672.5  2.363100
45 675.0  2.360520
46 677.5  2.357840
47 680.0  2.355910
48 682.5  2.354320
49 685.0  2.352560
50 687.5  2.350810
51 690.0  2.349320
52 692.5  2.347880
53 695.0  2.346290
54 697.5  2.344960
55 700.0  2.344090
56 702.5  2.342620
57 705.0  2.339560
58 707.5  2.335590
59 710.0  2.331560
60 712.5  2.327400
61 715.0  2.322880
62 717.5  2.318030
63 720.0  2.312930
64 722.5  2.307490
65 725.0  2.301810
66 727.5  2.296960
67 730.0  2.293600
68 732.5  2.289930
69 735.0  2.284380
70 737.5  2.278810
71 740.0  2.275250
72 742.5  2.272960
73 745.0  2.270460
74 747.5  2.265930
75 750.0  2.258420
76 752.5  2.250710
77 755.0  2.245470
78 757.5  2.241350
79 760.0  2.236450
80 762.5  2.230810
81 765.0  2.224690
82 767.5  2.217350
83 770.0  2.208240
84 772.5  2.198620
85 775.0  2.189750
86 777.5  2.181060
87 780.0  2.171870
88 782.5  2.162910
89 785.0  2.155060
90 787.5  2.148280
91 790.0  2.142190
92 792.5  2.135980
93 795.0  2.128900
94 797.5  2.120760
95 800.0  2.111650
96 802.5  2.102030
97 805.0  2.092520
98 807.5  2.083890
99 810.0  2.076530
100 812.5  2.069250
101 815.0  2.060630
102 817.5  2.049940
103 820.0  2.037290
104 822.5  2.025350
105 825.0  2.016290
106 827.5  2.007790
107 830.0  1.997490
108 832.5  1.987300
109 835.0  1.979240
110 837.5  1.971500
111 840.0  1.961940
112 842.5  1.951010
113 845.0  1.939590
114 847.5  1.927590
115 850.0  1.915130
116 852.5  1.904180
117 855.0  1.896300
118 857.5  1.889550
119 860.0  1.881590
120 862.5  1.871990
121 865.0  1.861020
122 867.5  1.849740
123 870.0  1.839150
124 872.5  1.829250
125 875.0  1.819500
126 877.5  1.808180
127 880.0  1.794280
128 882.5  1.780670
129 885.0  1.769940
130 887.5  1.759600
131 890.0  1.747140
132 892.5  1.735010
133 895.0  1.725550
134 897.5  1.715690
135 900.0  1.702230
136 902.5  1.687010
137 905.0  1.672450
138 907.5  1.658330
139 910.0  1.644140
140 912.5  1.630820
141 915.0  1.618890
142 917.5  1.605650
143 920.0  1.588920
144 922.5  1.571700
145 925.0  1.557040
146 927.5  1.543010
147 930.0  1.527350
148 932.5  1.511400
149 935.0  1.496790
150 937.5  1.482720
151 940.0  1.467910
152 942.5  1.451700
153 945.0  1.434020
154 947.5  1.416570
155 950.0  1.401060
156 952.5  1.387310
157 955.0  1.374270
158 957.5  1.359210
159 960.0  1.340470
160 962.5  1.322330
161 965.0  1.308780
162 967.5  1.296580
163 970.0  1.281660
164 972.5  1.263800
165 975.0  1.243900
166 977.5  1.223410
167 980.0  1.203700
168 982.5  1.185360
169 985.0  1.168540
170 987.5  1.152580
171 990.0  1.136610
172 992.5  1.119800
173 995.0  1.101770
174 997.5  1.084090
175 1000.0  1.068030
176 1002.5  1.051890
177 1005.0  1.033760
178 1007.5  1.013850
179 1010.0  0.993061
180 1012.5  0.972871
181 1015.0  0.954233
182 1017.5  0.935407
183 1020.0  0.914841
184 1022.5  0.894432
185 1025.0  0.875701
186 1027.5  0.855213
187 1030.0  0.830193
188 1032.5  0.805457
189 1035.0  0.785390
190 1037.5  0.765067
191 1040.0  0.739526
192 1042.5  0.712970
193 1045.0  0.690397
194 1047.5  0.670824
195 1050.0  0.651732
196 1052.5  0.630434
197 1055.0  0.605205
198 1057.5  0.578337
199 1060.0  0.552370
200 1062.5  0.526825
201 1065.0  0.500875
202 1067.5  0.475313
203 1070.0  0.451056
204 1072.5  0.427899
205 1075.0  0.405195
206 1077.5  0.381656
207 1080.0  0.356098
208 1082.5  0.328388
209 1085.0  0.299302
210 1087.5  0.272193
211 1090.0  0.249829
212 1092.5  0.230047
213 1095.0  0.210151
214 1097.5  0.190242
215 1100.0  0.170948
216 1102.5  0.152194
217 1105.0  0.133951
218 1107.5  0.117072
219 1110.0  0.102437
220 1112.5  0.090146
221 1115.0  0.079857
222 1117.5  0.070243
223 1120.0  0.060325
224 1122.5  0.051512
225 1125.0  0.045058
226 1127.5  0.039219
227 1130.0  0.032369
228 1132.5  0.026341
229 1135.0  0.022955
230 1137.5  0.020488
231 1140.0  0.017031
232 1142.5  0.013463
233 1145.0  0.010992
234 1147.5  0.009366
235 1150.0  0.008000
236 1152.5  0.006439
237 1155.0  0.004496
238 1157.5  0.002927
239 1160.0  0.002405
240 1162.5  0.002341
241 1165.0  0.002055
242 1167.5  0.001756
243 1170.0  0.001739
244 1172.5  0.001756
245 1175.0  0.001524
246 1177.5  0.001171
247 1180.0  0.000874
248 1182.5  0.000585
249 1185.0  0.000251
250 1187.5  0.000000
251 1190.0  0.000047
252 1192.5  0.000000
253 1195.0  0.000009
254 1197.5  0.000000
255 1200.0  0.000028
48 256 560.0 1200.0 P1Y2
0 562.5  2.381250
1 565.0  2.381010
2 567.5  2.380660
3 570.0  2.380630
4 572.5  2.380660
5 575.0  2.380450
6 577.5  2.380080
7 580.0  2.379720
8 582.5  2.379490
9 585.0  2.379450
10 587.5  2.379490
11 590.0  2.379500
12 592.5  2.379490
13 595.0  2.379500
14 597.5  2.379490
15 600.0  2.379460
16 602.5  2.379490
17 605.0  2.379600
18 607.5  2.379490
19 610.0  2.378920
20 612.5  2.378320
21 615.0  2.378160
22 617.5  2.378320
23 620.0  2.378520
24 622.5  2.378320
25 625.0  2.377470
26 627.5  2.376570
27 630.0  2.376200
28 632.5  2.375980
29 635.0  2.375450
30 637.5  2.374810
31 640.0  2.374370
32 642.5  2.374230
33 645.0  2.374340
34 647.5  2.374230
35 650.0  2.373500
36 652.5  2.372470
37 655.0  2.371520
38 657.5  2.370710
39 660.0  2.369950
40 662.5  2.368960
41 665.0  2.367530
42 667.5  2.366030
43 670.0  2.364760
44 672.5  2.363100
45 675.0  2.360520
46 677.5  2.357840
47 680.0  2.355910
48 682.5  2.354320
49 685.0  2.352560
50 687.5  2.350810
51 690.0  2.349320
52 692.5  2.347880
53 695.0  2.346290
54 697.5  2.344960
55 700.0  2.344090
56 702.5  2.342620
57 705.0  2.339560
58 707.5  2.335590
59 710.0  2.331560
60 712.5  2.327400
61 715.0  2.322880
62 717.5  2.318030
63 720.0  2.312930
64 722.5  2.307490
65 725.0  2.301810
66 727.5  2.296960
67 730.0  2.293600
68 732.5  2.289930
69 735.0  2.284380
70 737.5  2.278810
71 740.0  2.275250
72 742.5  2.272960
73 745.0  2.270460
74 747.5  2.265930
75 750.0  2.258420
76 752.5  2.250710
77 755.0  2.245470
78 757.5  2.241350
79 760.0  2.236450
80 762.5  2.230810
81 765.0  2.224690
82 767.5  2.217350
83 770.0  2.208240
84 772.5  2.198620
85 775.0  2.189750
86 777.5  2.181060
87 780.0  2.171870
88 782.5  2.162910
89 785.0  2.155060
90 787.5  2.148280
91 790.0  2.142190
92 792.5  2.135980
93 795.0  2.128900
94 797.5  2.120760
95 800.0  2.111650
96 802.5  2.102030
97 805.0  2.092520
98 807.5  2.083890
99 810.0  2.076530
100 812.5  2.069250
101 815.0  2.060630
102 817.5  2.049940
103 820.0  2.037290
104 822.5  2.025350
105 825.0  2.016290
106 827.5  2.007790
107 830.0  1.997490
108 832.5  1.987300
109 835.0  1.979240
110 837.5  1.971500
111 840.0  1.961940
112 842.5  1.951010
113 845.0  1.939590
114 847.5  1.927590
115 850.0  1.915130
116 852.5  1.904180
117 855.0  1.896300
118 857.5  1.889550
119 860.0  1.881590
120 862.5  1.871990
121 865.0  1.861020
122 867.5  1.849740
123 870.0  1.839150
124 872.5  1.829250
125 875.0  1.819500
126 877.5  1.808180
127 880.0  1.794280
128 882.5  1.780670
129 885.0  1.769940
130 887.5  1.759600
131 890.0  1.747140
132 892.5  1.735010
133 895.0  1.725550
134 897.5  1.715690
135 900.0  1.702230
136 902.5  1.687010
137 905.0  1.672450
138 907.5  1.658330
139 910.0  1.644140
140 912.5  1.630820
141 915.0  1.618890
142 917.5  1.605650
143 920.0  1.588920
144 922.5  1.571700
145 925.0  1.557040
146 927.5  1.543010
147 930.0  1.527350
148 932.5  1.511400
149 935.0  1.496790
150 937.5  1.482720
151 940.0  1.467910
152 942.5  1.451700
153 945.0  1.434020
154 947.5  1.416570
155 950.0  1.401060
156 952.5  1.387310
157 955.0  1.374270
158 957.5  1.359210
159 960.0  1.340470
160 962.5  1.322330
161 965.0  1.308780
162 967.5  1.296580
163 970.0  1.281660
164 972.5  1.263800
165 975.0  1.243900
166 977.5  1.223410
167 980.0  1.203700
168 982.5  1.185360
169 985.0  1.168540
170 987.5  1.152580
171 990.0  1.136610
172 992.5  1.119800
173 995.0  1.101770
174 997.5  1.084090
175 1000.0  1.068030
176 1002.5  1.051890
177 1005.0  1.033760
178 1007.5  1.013850
179 1010.0  0.993061
180 1012.5  0.972871
181 1015.0  0.954233
182 1017.5  0.935407
183 1020.0  0.914841
184 1022.5  0.894432
185 1025.0  0.875701
186 1027.5  0.855213
187 1030.0  0.830193
188 1032.5  0.805457
189 1035.0  0.785390
190 1037.5  0.765067
191 1040.0  0.739526
192 1042.5  0.712970
193 1045.0  0.690397
194 1047.5  0.670824
195 1050.0  0.651732
196 1052.5  0.630434
197 1055.0  0.605205
198 1057.5  0.578337
199 1060.0  0.552370
200 1062.5  0.526825
201 1065.0  0.500875
202 1067.5  0.475313
203 1070.0  0.451056
204 1072.5  0.427899
205 1075.0  0.405195
206 1077.5  0.381656
207 1080.0  0.356098
208 1082.5  0.328388
209 1085.0  0.299302
210 1087.5  0.272193
211 1090.0  0.249829
212 1092.5  0.230047
213 1095.0  0.210151
214 1097.5  0.190242
215 1100.0  0.170948
216 1102.5  0.152194
217 1105.0  0.133951
218 1107.5  0.117072
219 1110.0  0.102437
220 1112.5  0.090146
221 1115.0  0.079857
222 1117.5  0.070243
223 1120.0  0.060325
224 1122.5  0.051512
225 1125.0  0.045058
226 1127.5  0.039219
227 1130.0  0.032369
228 1132.5  0.026341
229 1135.0  0.022955
230 1137.5  0.020488
231 1140.0  0.017031
232 1142.5  0.013463
233 1145.0  0.010992
234 1147.5  0.009366
235 1150.0  0.008000
236 1152.5  0.006439
237 1155.0  0.004496
238 1157.5  0.002927
239 1160.0  0.002405
240 1162.5  0.002341
241 1165.0  0.002055
242 1167.5  0.001756
243 1170.0  0.001739
244 1172.5  0.001756
245 1175.0  0.001524
246 1177.5  0.001171
247 1180.0  0.000874
248 1182.5  0.000585
249 1185.0  0.000251
250 1187.5  0.000000
251 1190.0  0.000047
252 1192.5  0.000000
253 1195.0  0.000009
254 1197.5  0.000000
255 1200.0  0.000028
49 256 560.0 1200.0 P1X1
0 562.5  2.381250
1 565.0  2.381240
2 567.5  2.381250
3 570.0  2.381280
4 572.5  2.381250
5 575.0  2.381070
6 577.5  2.380620
7 580.0  2.379910
8 582.5  2.379360
9 585.0  2.379300
10 587.5  2.379360
11 590.0  2.379120
12 592.5  2.378730
13 595.0  2.378410
14 597.5  2.378100
15 600.0  2.377720
16 602.5  2.377470
17 605.0  2.377490
18 607.5  2.377470
19 610.0  2.377160
20 612.5  2.376840
21 615.0  2.376820
22 617.5  2.376840
23 620.0  2.376600
24 622.5  2.376210
25 625.0  2.375840
26 627.5  2.375580
27 630.0  2.375410
28 632.5  2.374950
29 635.0  2.373940
30 637.5  2.373060
31 640.0  2.372950
32 642.5  2.373060
33 645.0  2.372790
34 647.5  2.372430
35 650.0  2.372340
36 652.5  2.372430
37 655.0  2.372490
38 657.5  2.372430
39 660.0  2.372200
40 662.5  2.371800
41 665.0  2.371230
42 667.5  2.370540
43 670.0  2.369800
44 672.5  2.369270
45 675.0  2.369140
46 677.5  2.369270
47 680.0  2.369420
48 682.5  2.369270
49 685.0  2.368650
50 687.5  2.368010
51 690.0  2.367750
52 692.5  2.367380
53 695.0  2.366360
54 697.5  2.364860
55 700.0  2.363200
56 702.5  2.361710
57 705.0  2.360630
58 707.5  2.359820
59 710.0  2.358940
60 712.5  2.357300
61 715.0  2.354400
62 717.5  2.351000
63 720.0  2.347880
64 722.5  2.344690
65 725.0  2.341000
66 727.5  2.337130
67 730.0  2.333350
68 732.5  2.328940
69 735.0  2.323260
70 737.5  2.316960
71 740.0  2.310910
72 742.5  2.305610
73 745.0  2.301050
74 747.5  2.295530
75 750.0  2.287610
76 752.5  2.278510
77 755.0  2.269930
78 757.5  2.262750
79 760.0  2.257070
80 762.5  2.250780
81 765.0  2.241990
82 767.5  2.231870
83 770.0  2.222040
84 772.5  2.212960
85 775.0  2.204660
86 777.5  2.196570
87 780.0  2.188060
88 782.5  2.178930
89 785.0  2.169270
90 787.5  2.160020
91 790.0  2.151780
92 792.5  2.143000
93 795.0  2.132290
94 797.5  2.120940
95 800.0  2.110560
96 802.5  2.101400
97 805.0  2.093030
98 807.5  2.083750
99 810.0  2.072360
100 812.5  2.061060
101 815.0  2.052020
102 817.5  2.044040
103 820.0  2.035330
104 822.5  2.025130
105 825.0  2.013290
106 827.5  2.001180
107 830.0  1.990180
108 832.5  1.980380
109 835.0  1.971280
110 837.5  1.961470
111 840.0  1.949860
112 842.5  1.937520
113 845.0  1.925610
114 847.5  1.913570
115 850.0  1.900730
116 852.5  1.887730
117 855.0  1.875460
118 857.5  1.864410
119 860.0  1.854740
120 862.5  1.845500
121 865.0  1.835800
122 867.5  1.825960
123 870.0  1.816280
124 872.5  1.805790
125 875.0  1.793850
126 877.5  1.782470
127 880.0  1.773190
128 882.5  1.762930
129 885.0  1.749030
130 887.5  1.735200
131 890.0  1.725070
132 892.5  1.715660
133 895.0  1.703670
134 897.5  1.691080
135 900.0  1.680060
136 902.5  1.668390
137 905.0  1.654100
138 907.5  1.640650
139 910.0  1.630970
140 912.5  1.620490
141 915.0  1.604560
142 917.5  1.585820
143 920.0  1.567980
144 922.5  1.551780
145 925.0  1.536940
146 927.5  1.522160
147 930.0  1.506310
148 932.5  1.490010
149 935.0  1.473930
150 937.5  1.457240
151 940.0  1.439180
152 942.5  1.420680
153 945.0  1.402810
154 947.5  1.385390
155 950.0  1.368260
156 952.5  1.352610
157 955.0  1.339090
158 957.5  1.324880
159 960.0  1.307300
160 962.5  1.287690
161 965.0  1.268150
162 967.5  1.249870
163 970.0  1.233020
164 972.5  1.214580
165 975.0  1.192410
166 977.5  1.171090
167 980.0  1.155050
168 982.5  1.141460
169 985.0  1.126710
170 987.5  1.111210
171 990.0  1.095730
172 992.5  1.078430
173 995.0  1.057650
174 997.5  1.034940
175 1000.0  1.012530
176 1002.5  0.992082
177 1005.0  0.974406
178 1007.5  0.957416
179 1010.0  0.938893
180 1012.5  0.918968
181 1015.0  0.897834
182 1017.5  0.873587
183 1020.0  0.845465
184 1022.5  0.819382
185 1025.0  0.800160
186 1027.5  0.781564
187 1030.0  0.757364
188 1032.5  0.732401
189 1035.0  0.711806
190 1037.5  0.690802
191 1040.0  0.664549
192 1042.5  0.637857
193 1045.0  0.615661
194 1047.5  0.593737
195 1050.0  0.567670
196 1052.5  0.541422
197 1055.0  0.519216
198 1057.5  0.497932
199 1060.0  0.473527
200 1062.5  0.445618
201 1065.0  0.415435
202 1067.5  0.387000
203 1070.0  0.363531
204 1072.5  0.342250
205 1075.0  0.319531
206 1077.5  0.294347
207 1080.0  0.267113
208 1082.5  0.241403
209 1085.0  0.220370
210 1087.5  0.202324
211 1090.0  0.184874
212 1092.5  0.167658
213 1095.0  0.151105
214 1097.5  0.136774
215 1100.0  0.125736
216 1102.5  0.115974
217 1105.0  0.105299
218 1107.5  0.093914
219 1110.0  0.082653
220 1112.5  0.072484
221 1115.0  0.064071
222 1117.5  0.056726
223 1120.0  0.049799
224 1122.5  0.044121
225 1125.0  0.040379
226 1127.5  0.037187
227 1130.0  0.033081
228 1132.5  0.028363
229 1135.0  0.023713
230 1137.5  0.019539
231 1140.0  0.016088
232 1142.5  0.013236
233 1145.0  0.010892
234 1147.5  0.009454
235 1150.0  0.009126
236 1152.5  0.008824
237 1155.0  0.007597
238 1157.5  0.006303
239 1160.0  0.005866
240 1162.5  0.005673
241 1165.0  0.005022
242 1167.5  0.004412
243 1170.0  0.004378
244 1172.5  0.004412
245 1175.0  0.003940
246 1177.5  0.003151
247 1180.0  0.002397
248 1182.5  0.001891
249 1185.0  0.001758
250 1187.5  0.001891
251 1190.0  0.002075
252 1192.5  0.001891
253 1195.0  0.001129
254 1197.5  0.000630
255 1200.0  0.001497
50 256 560.0 1200.0 P1X2
0 562.5  2.381250
1 565.0  2.381240
2 567.5  2.381250
3 570.0  2.381280
4 572.5  2.381250
5 575.0  2.381070
6 577.5  2.380620
7 580.0  2.379910
8 582.5  2.379360
9 585.0  2.379300
10 587.5  2.379360
11 590.0  2.379120
12 592.5  2.378730
13 595.0  2.378410
14 597.5  2.378100
15 600.0  2.377720
16 602.5  2.377470
17 605.0  2.377490
18 607.5  2.377470
19 610.0  2.377160
20 612.5  2.376840
21 615.0  2.376820
22 617.5  2.376840
23 620.0  2.376600
24 622.5  2.376210
25 625.0  2.375840
26 627.5  2.375580
27 630.0  2.375410
28 632.5  2.374950
29 635.0  2.373940
30 637.5  2.373060
31 640.0  2.372950
32 642.5  2.373060
33 645.0  2.372790
34 647.5  2.372430
35 650.0  2.372340
36 652.5  2.372430
37 655.0  2.372490
38 657.5  2.372430
39 660.0  2.372200
40 662.5  2.371800
41 665.0  2.371230
42 667.5  2.370540
43 670.0  2.369800
44 672.5  2.369270
45 675.0  2.369140
46 677.5  2.369270
47 680.0  2.369420
48 682.5  2.369270
49 685.0  2.368650
50 687.5  2.368010
51 690.0  2.367750
52 692.5  2.367380
53 695.0  2.366360
54 697.5  2.364860
55 700.0  2.363200
56 702.5  2.361710
57 705.0  2.360630
58 707.5  2.359820
59 710.0  2.358940
60 712.5  2.357300
61 715.0  2.354400
62 717.5  2.351000
63 720.0  2.347880
64 722.5  2.344690
65 725.0  2.341000
66 727.5  2.337130
67 730.0  2.333350
68 732.5  2.328940
69 735.0  2.323260
70 737.5  2.316960
71 740.0  2.310910
72 742.5  2.305610
73 745.0  2.301050
74 747.5  2.295530
75 750.0  2.287610
76 752.5  2.278510
77 755.0  2.269930
78 757.5  2.262750
79 760.0  2.257070
80 762.5  2.250780
81 765.0  2.241990
82 767.5  2.231870
83 770.0  2.222040
84 772.5  2.212960
85 775.0  2.204660
86 777.5  2.196570
87 780.0  2.188060
88 782.5  2.178930
89 785.0  2.169270
90 787.5  2.160020
91 790.0  2.151780
92 792.5  2.143000
93 795.0  2.132290
94 797.5  2.120940
95 800.0  2.110560
96 802.5  2.101400
97 805.0  2.093030
98 807.5  2.083750
99 810.0  2.072360
100 812.5  2.061060
101 815.0  2.052020
102 817.5  2.044040
103 820.0  2.035330
104 822.5  2.025130
105 825.0  2.013290
106 827.5  2.001180
107 830.0  1.990180
108 832.5  1.980380
109 835.0  1.971280
110 837.5  1.961470
111 840.0  1.949860
112 842.5  1.937520
113 845.0  1.925610
114 847.5  1.913570
115 850.0  1.900730
116 852.5  1.887730
117 855.0  1.875460
118 857.5  1.864410
119 860.0  1.854740
120 862.5  1.845500
121 865.0  1.835800
122 867.5  1.825960
123 870.0  1.816280
124 872.5  1.805790
125 875.0  1.793850
126 877.5  1.782470
127 880.0  1.773190
128 882.5  1.762930
129 885.0  1.749030
130 887.5  1.735200
131 890.0  1.725070
132 892.5  1.715660
133 895.0  1.703670
134 897.5  1.691080
135 900.0  1.680060
136 902.5  1.668390
137 905.0  1.654100
138 907.5  1.640650
139 910.0  1.630970
140 912.5  1.620490
141 915.0  1.604560
142 917.5  1.585820
143 920.0  1.567980
144 922.5  1.551780
145 925.0  1.536940
146 927.5  1.522160
147 930.0  1.506310
148 932.5  1.490010
149 935.0  1.473930
150 937.5  1.457240
151 940.0  1.439180
152 942.5  1.420680
153 945.0  1.402810
154 947.5  1.385390
155 950.0  1.368260
156 952.5  1.352610
157 955.0  1.339090
158 957.5  1.324880
159 960.0  1.307300
160 962.5  1.287690
161 965.0  1.268150
162 967.5  1.249870
163 970.0  1.233020
164 972.5  1.214580
165 975.0  1.192410
166 977.5  1.171090
167 980.0  1.155050
168 982.5  1.141460
169 985.0  1.126710
170 987.5  1.111210
171 990.0  1.095730
172 992.5  1.078430
173 995.0  1.057650
174 997.5  1.034940
175 1000.0  1.012530
176 1002.5  0.992082
177 1005.0  0.974406
178 1007.5  0.957416
179 1010.0  0.938893
180 1012.5  0.918968
181 1015.0  0.897834
182 1017.5  0.873587
183 1020.0  0.845465
184 1022.5  0.819382
185 1025.0  0.800160
186 1027.5  0.781564
187 1030.0  0.757364
188 1032.5  0.732401
189 1035.0  0.711806
190 1037.5  0.690802
191 1040.0  0.664549
192 1042.5  0.637857
193 1045.0  0.615661
194 1047.5  0.593737
195 1050.0  0.567670
196 1052.5  0.541422
197 1055.0  0.519216
198 1057.5  0.497932
199 1060.0  0.473527
200 1062.5  0.445618
201 1065.0  0.415435
202 1067.5  0.387000
203 1070.0  0.363531
204 1072.5  0.342250
205 1075.0  0.319531
206 1077.5  0.294347
207 1080.0  0.267113
208 1082.5  0.241403
209 1085.0  0.220370
210 1087.5  0.202324
211 1090.0  0.184874
212 1092.5  0.167658
213 1095.0  0.151105
214 1097.5  0.136774
215 1100.0  0.125736
216 1102.5  0.115974
217 1105.0  0.105299
218 1107.5  0.093914
219 1110.0  0.082653
220 1112.5  0.072484
221 1115.0  0.064071
222 1117.5  0.056726
223 1120.0  0.049799
224 1122.5  0.044121
225 1125.0  0.040379
226 1127.5  0.037187
227 1130.0  0.033081
228 1132.5  0.028363
229 1135.0  0.023713
230 1137.5  0.019539
231 1140.0  0.016088
232 1142.5  0.013236
233 1145.0  0.010892
234 1147.5  0.009454
235 1150.0  0.009126
236 1152.5  0.008824
237 1155.0  0.007597
238 1157.5  0.006303
239 1160.0  0.005866
240 1162.5  0.005673
241 1165.0  0.005022
242 1167.5  0.004412
243 1170.0  0.004378
244 1172.5  0.004412
245 1175.0  0.003940
246 1177.5  0.003151
247 1180.0  0.002397
248 1182.5  0.001891
249 1185.0  0.001758
250 1187.5  0.001891
251 1190.0  0.002075
252 1192.5  0.001891
253 1195.0  0.001129
254 1197.5  0.000630
255 1200.0  0.001497
51 256 560.0 1200.0 P2X1
0 562.5  2.381250
1 565.0  2.381250
2 567.5  2.381250
3 570.0  2.381250
4 572.5  2.381250
5 575.0  2.381250
6 577.5  2.381250
7 580.0  2.381250
8 582.5  2.381250
9 585.0  2.381250
10 587.5  2.381250
11 590.0  2.381230
12 592.5  2.381250
13 595.0  2.381310
14 597.5  2.381250
15 600.0  2.380940
16 602.5  2.380660
17 605.0  2.380660
18 607.5  2.380660
19 610.0  2.380370
20 612.5  2.380060
21 615.0  2.380000
22 617.5  2.380060
23 620.0  2.380060
24 622.5  2.380060
25 625.0  2.380120
26 627.5  2.380060
27 630.0  2.379740
28 632.5  2.379470
29 635.0  2.379510
30 637.5  2.379470
31 640.0  2.378960
32 642.5  2.378280
33 645.0  2.377840
34 647.5  2.377690
35 650.0  2.377750
36 652.5  2.377690
37 655.0  2.377310
38 657.5  2.377090
39 660.0  2.377350
40 662.5  2.377090
41 665.0  2.375460
42 667.5  2.373530
43 670.0  2.372450
44 672.5  2.371750
45 675.0  2.370810
46 677.5  2.369960
47 680.0  2.369610
48 682.5  2.369370
49 685.0  2.368690
50 687.5  2.366990
51 690.0  2.364050
52 692.5  2.361050
53 695.0  2.359070
54 697.5  2.357490
55 700.0  2.355510
56 702.5  2.353330
57 705.0  2.351140
58 707.5  2.347990
59 710.0  2.343070
60 712.5  2.337300
61 715.0  2.331870
62 717.5  2.327200
63 720.0  2.323410
64 722.5  2.320070
65 725.0  2.316690
66 727.5  2.312940
67 730.0  2.308490
68 732.5  2.302850
69 735.0  2.295970
70 737.5  2.289780
71 740.0  2.285890
72 742.5  2.282650
73 745.0  2.278070
74 747.5  2.271960
75 750.0  2.264790
76 752.5  2.257700
77 755.0  2.251610
78 757.5  2.245820
79 760.0  2.239460
80 762.5  2.232760
81 765.0  2.225970
82 767.5  2.218500
83 770.0  2.209850
84 772.5  2.200680
85 775.0  2.191890
86 777.5  2.184050
87 780.0  2.177090
88 782.5  2.168610
89 785.0  2.156780
90 787.5  2.144250
91 790.0  2.133860
92 792.5  2.124650
93 795.0  2.115000
94 797.5  2.104460
95 800.0  2.093160
96 802.5  2.082480
97 805.0  2.073460
98 807.5  2.064660
99 810.0  2.054650
100 812.5  2.044470
101 815.0  2.035400
102 817.5  2.027240
103 820.0  2.019320
104 822.5  2.010610
105 825.0  2.000510
106 827.5  1.990410
107 830.0  1.981550
108 832.5  1.972590
109 835.0  1.962000
110 837.5  1.950020
111 840.0  1.937470
112 842.5  1.925670
113 845.0  1.915490
114 847.5  1.905480
115 850.0  1.894160
116 852.5  1.882310
117 855.0  1.870930
118 857.5  1.859740
119 860.0  1.848110
120 862.5  1.835390
121 865.0  1.821570
122 867.5  1.809250
123 870.0  1.800550
124 872.5  1.793210
125 875.0  1.784120
126 877.5  1.771240
127 880.0  1.753950
128 882.5  1.736190
129 885.0  1.721910
130 887.5  1.710650
131 890.0  1.700770
132 892.5  1.690460
133 895.0  1.678480
134 897.5  1.666100
135 900.0  1.654680
136 902.5  1.643530
137 905.0  1.631900
138 907.5  1.620960
139 910.0  1.611620
140 912.5  1.601950
141 915.0  1.589830
142 917.5  1.575220
143 920.0  1.558870
144 922.5  1.542560
145 925.0  1.527450
146 927.5  1.511080
147 930.0  1.491890
148 932.5  1.475440
149 935.0  1.466110
150 937.5  1.456430
151 940.0  1.439060
152 942.5  1.419010
153 945.0  1.402190
154 947.5  1.385750
155 950.0  1.365860
156 952.5  1.343570
157 955.0  1.321290
158 957.5  1.302000
159 960.0  1.287530
160 962.5  1.274670
161 965.0  1.259940
162 967.5  1.243790
163 970.0  1.227290
164 972.5  1.209930
165 975.0  1.191030
166 977.5  1.170730
167 980.0  1.149300
168 982.5  1.126770
169 985.0  1.103140
170 987.5  1.078660
171 990.0  1.054060
172 992.5  1.031740
173 995.0  1.013150
174 997.5  0.994316
175 1000.0  0.971643
176 1002.5  0.948580
177 1005.0  0.928593
178 1007.5  0.908189
179 1010.0  0.884070
180 1012.5  0.860671
181 1015.0  0.842152
182 1017.5  0.823845
183 1020.0  0.800869
184 1022.5  0.776327
185 1025.0  0.754220
186 1027.5  0.734154
187 1030.0  0.714732
188 1032.5  0.694952
189 1035.0  0.673873
190 1037.5  0.650404
191 1040.0  0.624060
192 1042.5  0.596946
193 1045.0  0.571192
194 1047.5  0.546458
195 1050.0  0.521754
196 1052.5  0.495970
197 1055.0  0.468558
198 1057.5  0.441324
199 1060.0  0.415675
200 1062.5  0.389054
201 1065.0  0.359209
202 1067.5  0.329063
203 1070.0  0.302064
204 1072.5  0.278575
205 1075.0  0.257750
206 1077.5  0.236996
207 1080.0  0.214465
208 1082.5  0.193042
209 1085.0  0.175468
210 1087.5  0.159186
211 1090.0  0.141386
212 1092.5  0.123547
213 1095.0  0.107558
214 1097.5  0.092660
215 1100.0  0.078042
216 1102.5  0.065337
217 1105.0  0.056198
218 1107.5  0.049894
219 1110.0  0.045089
220 1112.5  0.040390
221 1115.0  0.034747
222 1117.5  0.028511
223 1120.0  0.022481
224 1122.5  0.017819
225 1125.0  0.015287
226 1127.5  0.013661
227 1130.0  0.011630
228 1132.5  0.009504
229 1135.0  0.007837
230 1137.5  0.006534
231 1140.0  0.005356
232 1142.5  0.004158
233 1145.0  0.002888
234 1147.5  0.001782
235 1150.0  0.001058
236 1152.5  0.000594
237 1155.0  0.000228
238 1157.5  0.000000
239 1160.0  0.000041
240 1162.5  0.000000
241 1165.0  0.000011
242 1167.5  0.000000
243 1170.0  0.000003
244 1172.5  0.000000
245 1175.0  0.000001
246 1177.5  0.000000
247 1180.0  0.000000
248 1182.5  0.000000
249 1185.0  0.000000
250 1187.5  0.000000
251 1190.0  0.000000
252 1192.5  0.000000
253 1195.0  0.000000
254 1197.5  0.000000
255 1200.0  0.000000
52 256 560.0 1200.0 P2X2
0 562.5  2.381250
1 565.0  2.381250
2 567.5  2.381250
3 570.0  2.381250
4 572.5  2.381250
5 575.0  2.381250
6 577.5  2.381250
7 580.0  2.381250
8 582.5  2.381250
9 585.0  2.381250
10 587.5  2.381250
11 590.0  2.381230
12 592.5  2.381250
13 595.0  2.381310
14 597.5  2.381250
15 600.0  2.380940
16 602.5  2.380660
17 605.0  2.380660
18 607.5  2.380660
19 610.0  2.380370
20 612.5  2.380060
21 615.0  2.380000
22 617.5  2.380060
23 620.0  2.380060
24 622.5  2.380060
25 625.0  2.380120
26 627.5  2.380060
27 630.0  2.379740
28 632.5  2.379470
29 635.0  2.379510
30 637.5  2.379470
31 640.0  2.378960
32 642.5  2.378280
33 645.0  2.377840
34 647.5  2.377690
35 650.0  2.377750
36 652.5  2.377690
37 655.0  2.377310
38 657.5  2.377090
39 660.0  2.377350
40 662.5  2.377090
41 665.0  2.375460
42 667.5  2.373530
43 670.0  2.372450
44 672.5  2.371750
45 675.0  2.370810
46 677.5  2.369960
47 680.0  2.369610
48 682.5  2.369370
49 685.0  2.368690
50 687.5  2.366990
51 690.0  2.364050
52 692.5  2.361050
53 695.0  2.359070
54 697.5  2.357490
55 700.0  2.355510
56 702.5  2.353330
57 705.0  2.351140
58 707.5  2.347990
59 710.0  2.343070
60 712.5  2.337300
61 715.0  2.331870
62 717.5  2.327200
63 720.0  2.323410
64 722.5  2.320070
65 725.0  2.316690
66 727.5  2.312940
67 730.0  2.308490
68 732.5  2.302850
69 735.0  2.295970
70 737.5  2.289780
71 740.0  2.285890
72 742.5  2.282650
73 745.0  2.278070
74 747.5  2.271960
75 750.0  2.264790
76 752.5  2.257700
77 755.0  2.251610
78 757.5  2.245820
79 760.0  2.239460
80 762.5  2.232760
81 765.0  2.225970
82 767.5  2.218500
83 770.0  2.209850
84 772.5  2.200680
85 775.0  2.191890
86 777.5  2.184050
87 780.0  2.177090
88 782.5  2.168610
89 785.0  2.156780
90 787.5  2.144250
91 790.0  2.133860
92 792.5  2.124650
93 795.0  2.115000
94 797.5  2.104460
95 800.0  2.093160
96 802.5  2.082480
97 805.0  2.073460
98 807.5  2.064660
99 810.0  2.054650
100 812.5  2.044470
101 815.0  2.035400
102 817.5  2.027240
103 820.0  2.019320
104 822.5  2.010610
105 825.0  2.000510
106 827.5  1.990410
107 830.0  1.981550
108 832.5  1.972590
109 835.0  1.962000
110 837.5  1.950020
111 840.0  1.937470
112 842.5  1.925670
113 845.0  1.915490
114 847.5  1.905480
115 850.0  1.894160
116 852.5  1.882310
117 855.0  1.870930
118 857.5  1.859740
119 860.0  1.848110
120 862.5  1.835390
121 865.0  1.821570
122 867.5  1.809250
123 870.0  1.800550
124 872.5  1.793210
125 875.0  1.784120
126 877.5  1.771240
127 880.0  1.753950
128 882.5  1.736190
129 885.0  1.721910
130 887.5  1.710650
131 890.0  1.700770
132 892.5  1.690460
133 895.0  1.678480
134 897.5  1.666100
135 900.0  1.654680
136 902.5  1.643530
137 905.0  1.631900
138 907.5  1.620960
139 910.0  1.611620
140 912.5  1.601950
141 915.0  1.589830
142 917.5  1.575220
143 920.0  1.558870
144 922.5  1.542560
145 925.0  1.527450
146 927.5  1.511080
147 930.0  1.491890
148 932.5  1.475440
149 935.0  1.466110
150 937.5  1.456430
151 940.0  1.439060
152 942.5  1.419010
153 945.0  1.402190
154 947.5  1.385750
155 950.0  1.365860
156 952.5  1.343570
157 955.0  1.321290
158 957.5  1.302000
159 960.0  1.287530
160 962.5  1.274670
161 965.0  1.259940
162 967.5  1.243790
163 970.0  1.227290
164 972.5  1.209930
165 975.0  1.191030
166 977.5  1.170730
167 980.0  1.149300
168 982.5  1.126770
169 985.0  1.103140
170 987.5  1.078660
171 990.0  1.054060
172 992.5  1.031740
173 995.0  1.013150
174 997.5  0.994316
175 1000.0  0.971643
176 1002.5  0.948580
177 1005.0  0.928593
178 1007.5  0.908189
179 1010.0  0.884070
180 1012.5  0.860671
181 1015.0  0.842152
182 1017.5  0.823845
183 1020.0  0.800869
184 1022.5  0.776327
185 1025.0  0.754220
186 1027.5  0.734154
187 1030.0  0.714732
188 1032.5  0.694952
189 1035.0  0.673873
190 1037.5  0.650404
191 1040.0  0.624060
192 1042.5  0.596946
193 1045.0  0.571192
194 1047.5  0.546458
195 1050.0  0.521754
196 1052.5  0.495970
197 1055.0  0.468558
198 1057.5  0.441324
199 1060.0  0.415675
200 1062.5  0.389054
201 1065.0  0.359209
202 1067.5  0.329063
203 1070.0  0.302064
204 1072.5  0.278575
205 1075.0  0.257750
206 1077.5  0.236996
207 1080.0  0.214465
208 1082.5  0.193042
209 1085.0  0.175468
210 1087.5  0.159186
211 1090.0  0.141386
212 1092.5  0.123547
213 1095.0  0.107558
214 1097.5  0.092660
215 1100.0  0.078042
216 1102.5  0.065337
217 1105.0  0.056198
218 1107.5  0.049894
219 1110.0  0.045089
220 1112.5  0.040390
221 1115.0  0.034747
222 1117.5  0.028511
223 1120.0  0.022481
224 1122.5  0.017819
225 1125.0  0.015287
226 1127.5  0.013661
227 1130.0  0.011630
228 1132.5  0.009504
229 1135.0  0.007837
230 1137.5  0.006534
231 1140.0  0.005356
232 1142.5  0.004158
233 1145.0  0.002888
234 1147.5  0.001782
235 1150.0  0.001058
236 1152.5  0.000594
237 1155.0  0.000228
238 1157.5  0.000000
239 1160.0  0.000041
240 1162.5  0.000000
241 1165.0  0.000011
242 1167.5  0.000000
243 1170.0  0.000003
244 1172.5  0.000000
245 1175.0  0.000001
246 1177.5  0.000000
247 1180.0  0.000000
248 1182.5  0.000000
249 1185.0  0.000000
250 1187.5  0.000000
251 1190.0  0.000000
252 1192.5  0.000000
253 1195.0  0.000000
254 1197.5  0.000000
255 1200.0  0.000000
53 256 560.0 1200.0 P2Y1
0 562.5  2.381250
1 565.0  2.381170
2 567.5  2.380650
3 570.0  2.379490
4 572.5  2.378230
5 575.0  2.377430
6 577.5  2.377020
7 580.0  2.376760
8 582.5  2.376420
9 585.0  2.375860
10 587.5  2.375210
11 590.0  2.374600
12 592.5  2.374000
13 595.0  2.373360
14 597.5  2.372790
15 600.0  2.372400
16 602.5  2.372190
17 605.0  2.372140
18 607.5  2.372190
19 610.0  2.372270
20 612.5  2.372190
21 615.0  2.371840
22 617.5  2.371580
23 620.0  2.371690
24 622.5  2.371580
25 625.0  2.370740
26 627.5  2.369770
27 630.0  2.369310
28 632.5  2.369170
29 635.0  2.368980
30 637.5  2.368560
31 640.0  2.367880
32 642.5  2.367360
33 645.0  2.367320
34 647.5  2.367360
35 650.0  2.367060
36 652.5  2.366750
37 655.0  2.366750
38 657.5  2.366750
39 660.0  2.366350
40 662.5  2.365540
41 665.0  2.364400
42 667.5  2.363130
43 670.0  2.361970
44 672.5  2.361320
45 675.0  2.361200
46 677.5  2.360110
47 680.0  2.356910
48 682.5  2.353460
49 685.0  2.351570
50 687.5  2.349840
51 690.0  2.346710
52 692.5  2.343190
53 695.0  2.340450
54 697.5  2.337760
55 700.0  2.334340
56 702.5  2.331110
57 705.0  2.329020
58 707.5  2.327490
59 710.0  2.325660
60 712.5  2.323260
61 715.0  2.320120
62 717.5  2.316010
63 720.0  2.311060
64 722.5  2.306950
65 725.0  2.304900
66 727.5  2.302720
67 730.0  2.298110
68 732.5  2.291850
69 735.0  2.285230
70 737.5  2.278560
71 740.0  2.271890
72 742.5  2.265270
73 745.0  2.258780
74 747.5  2.252580
75 750.0  2.246760
76 752.5  2.241110
77 755.0  2.235170
78 757.5  2.227820
79 760.0  2.218460
80 762.5  2.209090
81 765.0  2.201670
82 767.5  2.195200
83 770.0  2.188130
84 772.5  2.179490
85 775.0  2.168840
86 777.5  2.157140
87 780.0  2.145420
88 782.5  2.133580
89 785.0  2.121620
90 787.5  2.111230
91 790.0  2.103730
92 792.5  2.097340
93 795.0  2.089930
94 797.5  2.081030
95 800.0  2.070770
96 802.5  2.059880
97 805.0  2.048970
98 807.5  2.037530
99 810.0  2.025270
100 812.5  2.013970
101 815.0  2.004970
102 817.5  1.995850
103 820.0  1.984170
104 822.5  1.971090
105 825.0  1.958430
106 827.5  1.946920
107 830.0  1.936840
108 832.5  1.927590
109 835.0  1.918430
110 837.5  1.908870
111 840.0  1.898730
112 842.5  1.888930
113 845.0  1.880270
114 847.5  1.872020
115 850.0  1.863350
116 852.5  1.854500
117 855.0  1.845600
118 857.5  1.835170
119 860.0  1.822260
120 862.5  1.809800
121 865.0  1.800170
122 867.5  1.789860
123 870.0  1.775660
124 872.5  1.761470
125 875.0  1.751270
126 877.5  1.742140
127 880.0  1.730550
128 882.5  1.717380
129 885.0  1.704190
130 887.5  1.690800
131 890.0  1.677160
132 892.5  1.665430
133 895.0  1.656750
134 897.5  1.646090
135 900.0  1.629330
136 902.5  1.612270
137 905.0  1.600720
138 907.5  1.590520
139 910.0  1.576750
140 912.5  1.561520
141 915.0  1.547640
142 917.5  1.533740
143 920.0  1.518100
144 922.5  1.501720
145 925.0  1.485730
146 927.5  1.469100
147 930.0  1.450970
148 932.5  1.433460
149 935.0  1.418520
150 937.5  1.404470
151 940.0  1.389340
152 942.5  1.373660
153 945.0  1.358270
154 947.5  1.342850
155 950.0  1.327180
156 952.5  1.312650
157 955.0  1.299950
158 957.5  1.285460
159 960.0  1.266220
160 962.5  1.246200
161 965.0  1.229920
162 967.5  1.217200
163 970.0  1.206270
164 972.5  1.193650
165 975.0  1.176550
166 977.5  1.156800
167 980.0  1.137050
168 982.5  1.118740
169 985.0  1.102180
170 987.5  1.084310
171 990.0  1.062800
172 992.5  1.041420
173 995.0  1.023530
174 997.5  1.004570
175 1000.0  0.980297
176 1002.5  0.955641
177 1005.0  0.935989
178 1007.5  0.919397
179 1010.0  0.902749
180 1012.5  0.885569
181 1015.0  0.867537
182 1017.5  0.846304
183 1020.0  0.820305
184 1022.5  0.793146
185 1025.0  0.768685
186 1027.5  0.746632
187 1030.0  0.725799
188 1032.5  0.705556
189 1035.0  0.685135
190 1037.5  0.662666
191 1040.0  0.637192
192 1042.5  0.612529
193 1045.0  0.591680
194 1047.5  0.569639
195 1050.0  0.541987
196 1052.5  0.514669
197 1055.0  0.493222
198 1057.5  0.471176
199 1060.0  0.442057
200 1062.5  0.411373
201 1065.0  0.385519
202 1067.5  0.362443
203 1070.0  0.339052
204 1072.5  0.316533
205 1075.0  0.296183
206 1077.5  0.275457
207 1080.0  0.251883
208 1082.5  0.227131
209 1085.0  0.203747
210 1087.5  0.183638
211 1090.0  0.167700
212 1092.5  0.153434
213 1095.0  0.138331
214 1097.5  0.123231
215 1100.0  0.109500
216 1102.5  0.097255
217 1105.0  0.086187
218 1107.5  0.075509
219 1110.0  0.064726
220 1112.5  0.054970
221 1115.0  0.047404
222 1117.5  0.041681
223 1120.0  0.037047
224 1122.5  0.032620
225 1125.0  0.027915
226 1127.5  0.024163
227 1130.0  0.022395
228 1132.5  0.021143
229 1135.0  0.018797
230 1137.5  0.015706
231 1140.0  0.012736
232 1142.5  0.010873
233 1145.0  0.010678
234 1147.5  0.010873
235 1150.0  0.010171
236 1152.5  0.009061
237 1155.0  0.008289
238 1157.5  0.007853
239 1160.0  0.007565
240 1162.5  0.007249
241 1165.0  0.006756
242 1167.5  0.006041
243 1170.0  0.005129
244 1172.5  0.004228
245 1175.0  0.003534
246 1177.5  0.003020
247 1180.0  0.002632
248 1182.5  0.002416
249 1185.0  0.002398
250 1187.5  0.002416
251 1190.0  0.002274
252 1192.5  0.001812
253 1195.0  0.001040
254 1197.5  0.000604
255 1200.0  0.001309
54 256 560.0 1200.0 P2Y2
0 562.5  2.381250
1 565.0  2.381170
2 567.5  2.380650
3 570.0  2.379490
4 572.5  2.378230
5 575.0  2.377430
6 577.5  2.377020
7 580.0  2.376760
8 582.5  2.376420
9 585.0  2.375860
10 587.5  2.375210
11 590.0  2.374600
12 592.5  2.374000
13 595.0  2.373360
14 597.5  2.372790
15 600.0  2.372400
16 602.5  2.372190
17 605.0  2.372140
18 607.5  2.372190
19 610.0  2.372270
20 612.5  2.372190
21 615.0  2.371840
22 617.5  2.371580
23 620.0  2.371690
24 622.5  2.371580
25 625.0  2.370740
26 627.5  2.369770
27 630.0  2.369310
28 632.5  2.369170
29 635.0  2.368980
30 637.5  2.368560
31 640.0  2.367880
32 642.5  2.367360
33 645.0  2.367320
34 647.5  2.367360
35 650.0  2.367060
36 652.5  2.366750
37 655.0  2.366750
38 657.5  2.366750
39 660.0  2.366350
40 662.5  2.365540
41 665.0  2.364400
42 667.5  2.363130
43 670.0  2.361970
44 672.5  2.361320
45 675.0  2.361200
46 677.5  2.360110
47 680.0  2.356910
48 682.5  2.353460
49 685.0  2.351570
50 687.5  2.349840
51 690.0  2.346710
52 692.5  2.343190
53 695.0  2.340450
54 697.5  2.337760
55 700.0  2.334340
56 702.5  2.331110
57 705.0  2.329020
58 707.5  2.327490
59 710.0  2.325660
60 712.5  2.323260
61 715.0  2.320120
62 717.5  2.316010
63 720.0  2.311060
64 722.5  2.306950
65 725.0  2.304900
66 727.5  2.302720
67 730.0  2.298110
68 732.5  2.291850
69 735.0  2.285230
70 737.5  2.278560
71 740.0  2.271890
72 742.5  2.265270
73 745.0  2.258780
74 747.5  2.252580
75 750.0  2.246760
76 752.5  2.241110
77 755.0  2.235170
78 757.5  2.227820
79 760.0  2.218460
80 762.5  2.209090
81 765.0  2.201670
82 767.5  2.195200
83 770.0  2.188130
84 772.5  2.179490
85 775.0  2.168840
86 777.5  2.157140
87 780.0  2.145420
88 782.5  2.133580
89 785.0  2.121620
90 787.5  2.111230
91 790.0  2.103730
92 792.5  2.097340
93 795.0  2.089930
94 797.5  2.081030
95 800.0  2.070770
96 802.5  2.059880
97 805.0  2.048970
98 807.5  2.037530
99 810.0  2.025270
100 812.5  2.013970
101 815.0  2.004970
102 817.5  1.995850
103 820.0  1.984170
104 822.5  1.971090
105 825.0  1.958430
106 827.5  1.946920
107 830.0  1.936840
108 832.5  1.927590
109 835.0  1.918430
110 837.5  1.908870
111 840.0  1.898730
112 842.5  1.888930
113 845.0  1.880270
114 847.5  1.872020
115 850.0  1.863350
116 852.5  1.854500
117 855.0  1.845600
118 857.5  1.835170
119 860.0  1.822260
120 862.5  1.809800
121 865.0  1.800170
122 867.5  1.789860
123 870.0  1.775660
124 872.5  1.761470
125 875.0  1.751270
126 877.5  1.742140
127 880.0  1.730550
128 882.5  1.717380
129 885.0  1.704190
130 887.5  1.690800
131 890.0  1.677160
132 892.5  1.665430
133 895.0  1.656750
134 897.5  1.646090
135 900.0  1.629330
136 902.5  1.612270
137 905.0  1.600720
138 907.5  1.590520
139 910.0  1.576750
140 912.5  1.561520
141 915.0  1.547640
142 917.5  1.533740
143 920.0  1.518100
144 922.5  1.501720
145 925.0  1.485730
146 927.5  1.469100
147 930.0  1.450970
148 932.5  1.433460
149 935.0  1.418520
150 937.5  1.404470
151 940.0  1.389340
152 942.5  1.373660
153 945.0  1.358270
154 947.5  1.342850
155 950.0  1.327180
156 952.5  1.312650
157 955.0  1.299950
158 957.5  1.285460
159 960.0  1.266220
160 962.5  1.246200
161 965.0  1.229920
162 967.5  1.217200
163 970.0  1.206270
164 972.5  1.193650
165 975.0  1.176550
166 977.5  1.156800
167 980.0  1.137050
168 982.5  1.118740
169 985.0  1.102180
170 987.5  1.084310
171 990.0  1.062800
172 992.5  1.041420
173 995.0  1.023530
174 997.5  1.004570
175 1000.0  0.980297
176 1002.5  0.955641
177 1005.0  0.935989
178 1007.5  0.919397
179 1010.0  0.902749
180 1012.5  0.885569
181 1015.0  0.867537
182 1017.5  0.846304
183 1020.0  0.820305
184 1022.5  0.793146
185 1025.0  0.768685
186 1027.5  0.746632
187 1030.0  0.725799
188 1032.5  0.705556
189 1035.0  0.685135
190 1037.5  0.662666
191 1040.0  0.637192
192 1042.5  0.612529
193 1045.0  0.591680
194 1047.5  0.569639
195 1050.0  0.541987
196 1052.5  0.514669
197 1055.0  0.493222
198 1057.5  0.471176
199 1060.0  0.442057
200 1062.5  0.411373
201 1065.0  0.385519
202 1067.5  0.362443
203 1070.0  0.339052
204 1072.5  0.316533
205 1075.0  0.296183
206 1077.5  0.275457
207 1080.0  0.251883
208 1082.5  0.227131
209 1085.0  0.203747
210 1087.5  0.183638
211 1090.0  0.167700
212 1092.5  0.153434
213 1095.0  0.138331
214 1097.5  0.123231
215 1100.0  0.109500
216 1102.5  0.097255
217 1105.0  0.086187
218 1107.5  0.075509
219 1110.0  0.064726
220 1112.5  0.054970
221 1115.0  0.047404
222 1117.5  0.041681
223 1120.0  0.037047
224 1122.5  0.032620
225 1125.0  0.027915
226 1127.5  0.024163
227 1130.0  0.022395
228 1132.5  0.021143
229 1135.0  0.018797
230 1137.5  0.015706
231 1140.0  0.012736
232 1142.5  0.010873
233 1145.0  0.010678
234 1147.5  0.010873
235 1150.0  0.010171
236 1152.5  0.009061
237 1155.0  0.008289
238 1157.5  0.007853
239 1160.0  0.007565
240 1162.5  0.007249
241 1165.0  0.006756
242 1167.5  0.006041
243 1170.0  0.005129
244 1172.5  0.004228
245 1175.0  0.003534
246 1177.5  0.003020
247 1180.0  0.002632
248 1182.5  0.002416
249 1185.0  0.002398
250 1187.5  0.002416
251 1190.0  0.002274
252 1192.5  0.001812
253 1195.0  0.001040
254 1197.5  0.000604
255 1200.0  0.001309
