370110
370111
370112
370113
370114
370115
370116
370117
370118
370119
370120
370121
370122
370123
370125
370126
370127
370128
370129
370130
370132
370133
370134
370135
370136
370137
370138
370139
370140
370141
370142
370143
370144
370145
370146
370147
370148
370151
370152
370153
370154
370155
370156
370157
370159
370160
370161
370162
370163
370164
370165
370166
370167
370168
370169
370170
370171
370172
370173
370174
370175
370176
370177
370178
370179
370180
370181
370182
370183
370184
370187
370188
370189
370190
370191
370192
370193
370194
370195
370196
370197
370198
370199
370200
370201
370202
370203
370213
370214
370216
370217
370218
370219
370221
370222
370223
370224
370225
370226
370227
370228
370229
370239
370240
370241
370242
370243
370244
370245
370246
370247
370248
370249
370250
370251
370252
370253
370254
370255
370256
370257
370258
370259
370260
370261
370262
370263
370264
370265
370266
370268
370269
370270
370271
370272
370273
370274
370277
370278
370280
370281
370282
370283
370284
370285
370286
370287
370288
370289
370290
370291
370292
370293
370298
370299
370300
370311
370312
370313
370314
370315
370321
370322
370323
370324
370325
370326
370327
370328
370329
370330
370331
370332
370333
370334
370335
370336
370337
370338
370339
370343
370345
370346
370347
370349
370350
370351
370352
370353
370354
370355
370356
370357
370358
370359
370360
370361
370362
370363
370364
370365
370366
370368
370369
370370
370372
370374
370375
370376
370377
370378
370379
370381
370382
370384
370385
370386
370387
370391
370392
370393
370396
370403
370404
370406
370407
370408
370409
370410
370412
370418
370419
370420
370421
370422
370423
370424
370425
370426
370427
370428
370429
370430
370431
370432
370433
370434
370435
370436
370437
370438
370439
370440
370441
370442
370443
370446
370447
370448
370450
370451
370456
370457
370458
370459
370460
370461
370462
370463
370464
370465
370466
370467
370468
370469
370471
370472
370474
370475
370476
370477
370478
370479
370482
370483
370484
370485
370486
370487
370488
370489
370490
370491
370492
370493
370494
370495
370496
370497
370498
370499
370502
370504
370505
370506
370507
370508
370509
370510
370511
370515
370516
370517
370519
370520
370521
370522
370523
370524
370525
370526
370527
370528
370529
370530
370531
370532
370533
370534
370535
370536
370537
370538
370539
370542
370543
370544
370547
370548
370549
370550
370551
370552
370553
370554
370557
370575
370577
370578
370579
370580
370581
370582
370583
370584
370585
370586
370587
370588
370589
370590
370591
370592
370593
370594
370595
370598
370599
370600
370601
370602
370603
370604
370605
370606
370607
370608
370610
370611
370612
370613
370614
370615
370616
370617
370619
370621
370622
370623
370624
370625
370626
370627
370630
370631
370632
370633
370634
370635
370636
370637
370650
370651
370652
370653
370654
370655
370656
370657
370658
370659
370660
370661
370662
370663
370665
370666
370667
370668
370669
370670
370671
370672
370673
370674
370675
370676
370677
370678
370679
370682
370683
370684
370685
370686
370687
370689
370690
370691
370692
370693
370694
370695
370696
370697
370698
370699
370700
370701
370702
370703
370704
370705
370706
370707
370708
370709
370710
370713
370714
370715
370716
370717
370718
370719
370720
370721
370722
370723
370724
370725
370726
370727
370728
370730
370731
370732
370733
370734
370735
370736
370737
370738
370739
370740
370741
370751
370752
370753
370754
370755
370756
370757
370759
370760
370761
370762
370763
370764
370765
370766
370767
370768
370769
370770
370771
370772
370773
370774
370775
370776
370777
370778
370781
370782
370783
370784
370785
370786
370787
370788
370789
370790
370791
370792
370793
370794
370795
370796
370798
370799
370800
370801
370802
370803
370804
370805
370807
370808
370809
370810
370813
370814
370815
370816
370817
370818
370819
370820
370821
370822
370823
370824
370825
370826
370827
370828
370829
370830
370831
370832
370835
370836
370837
370838
370839
370840
370841
370842
370846
370847
370848
370849
370850
370851
370852
370853
370854
370855
370856
370857
370858
370859
370860
370861
370862
370863
370866
370867
370868
370869
370870
370871
370872
370873
370874
370877
370878
370879
370880
370881
370882
370883
370884
370885
370886
370887
370888
370889
370890
370891
370892
370893
370894
370895
370896
370897
370898
370899
370901
370902
370903
370904
370905
370908
370910
370911
370912
370916
370917
370918
370919
370920
370921
370922
370923
370924
370925
370926
370927
370941
370942
370943
370944
370945
370946
370947
370948
370949
370950
370951
370952
370953
370954
370955
370956
370957
370958
370959
370960
370961
370962
370963
370965
370966
370967
370968
370971
370972
370973
370974
370975
370976
370977
370978
370979
370980
370981
370982
370983
370984
370985
370986
370987
370988
370989
370990
370991
370992
370993
370994
370995
370996
370997
370998
371001
371002
371003
371004
371005
371006
371007
371008
371009
371010
371011
371012
371013
371014
371015
371016
371017
371018
371019
371020
371021
371022
371023
371024
371025
371026
371027
371028
371031
371032
371033
371034
371035
371036
371037
371038
371039
371040
371041
371042
371043
371044
371045
371046
371047
371048
371049
371050
371051
371052
371053
371054
371055
371056
371057
371058
371063
371065
371069
371071
371072
371073
371074
371075
371078
371079
371085
371086
371090
371095
371097
371098
371101
371102
371103
371104
371105
371106
371107
371108
371109
371111
371112
371113
371114
371115
371118
371119
371120
371121
371122
371125
371126
371127
371128
371129
371130
371131
371132
371133
371134
371136
371137
371138
371139
371141
371143
371144
371145
371146
371147
371148
371150
371151
371152
371153
371154
371155
371156
371157
371158
371159
371160
371161
371162
371165
371166
371167
371168
371169
371170
371171
371172
371173
371174
371175
371176
371177
371178
371179
371180
371181
371182
371183
371184
371185
371186
371187
371188
371189
371190
371191
371192
371193
371194
371195
371196
371197
371198
371199
371200
371201
371202
371203
371204
371207
371820
371821
371822
371823
371824
371825
371826
371827
371828
371829
371831
371834
371836
371837
371838
371839
371840
371841
371843
371844
371845
371846
371850
371851
371855
371857
371858
371859
371860
371861
371863
371881
371882
371886
371887
371893
371894
371895
371896
371897
371898
371899
371901
371902
371906
371907
371908
371909
371910
371911
371912
371913
371914
371915
371916
371918
371919
371924
371926
371927
371928
371929
371930
371931
371934
371935
371936
371937
371938
371939
371942
371943
371944
371945
371946
371947
371948
371949
371950
371951
371952
371953
371954
371955
371956
371957
371958
371959
371960
371961
371962
371963
371964
371965
371966
371967
371968
371969
371970
371971
371972
371973
371974
371975
371976
371977
371978
371979
371980
371983
371984
371985
371986
371987
371988
371989
371992
371993
371994
371995
371996
371997
371998
372000
372001
372002
372003
372004
372005
372006
372007
372008
372009
372010
372011
372014
372015
372016
372017
372018
372019
372020
372021
372023
372024
372025
372027
372028
372029
372030
372033
372034
372035
372036
372037
372038
372039
372040
372041
372042
372043
372044
372046
372047
372049
372050
372051
372052
372053
372054
372055
372056
372057
372058
372059
372060
372061
372062
372063
372064
372065
372066
372071
372073
372074
372075
372076
372079
372080
372081
372082
372083
372084
372085
372086
372088
372089
372090
372091
372092
372093
372095
372096
372097
372099
372100
372101
372104
372105
372106
372107
372108
372109
372110
372111
372112
372113
372114
372115
372116
372117
372118
372119
372120
372124
372125
372126
372127
372128
372129
372130
372131
372132
372133
372134
372135
372136
372137
372138
372139
372140
372141
372142
372143
372144
372145
372146
372147
372148
372158
372159
372160
372161
372162
372163
372164
372186
372187
372188
372189
372190
372191
372192
372193
372194
372195
372196
372198
372200
372201
372835
372836
372837
372838
372840
372841
372842
372843
372844
372845
372846
372847
372848
372850
372851
372852
372853
372854
372855
372856
372857
372858
372859
372860
372861
372862
372865
372866
372868
372869
372870
372871
372872
372873
372874
372875
372877
372878
372881
372882
372883
372886
372887
372888
372889
372890
372891
372892
372896
372898
372899
372901
372903
372904
372907
372908
372909
372911
372912
372914
372915
372916
372917
372918
372919
372924
372925
372931
372932
372933
372934
372935
372936
372937
372938
372939
372940
372941
372942
372943
372944
372945
372946
372947
372948
372950
372951
372952
372953
372954
372955
372956
372957
372958
372959
372960
372961
372962
372965
372966
372967
372968
372969
372970
372971
372972
372973
372975
372976
372977
372978
372980
372981
372982
372983
372984
372985
372986
372987
372988
372989
372990
372991
372992
372993
372994
372995
372996
372997
373000
373001
373002
373003
373004
373005
373007
373008
373009
373010
373011
373012
373013
373014
373015
373016
373017
373018
373019
373020
373021
373023
373024
373025
373026
373029
373030
373033
373034
373035
373036
373037
373038
373039
373040
373041
373042
373043
373044
373045
373046
373047
373048
373049
373050
373051
373052
373053
373054
373055
373056
373057
373058
373059
373060
373061
373062
373063
373064
373067
373068
373069
373070
373071
373072
373073
373074
373075
373076
373077
373078
373079
373080
373081
373082
373083
373084
373085
373086
373087
373088
373089
373090
373091
373092
373093
373094
373095
373096
373097
373100
373101
373102
373103
373104
373105
373106
373108
373109
373110
373111
373112
373113
373114
373115
373116
373117
373118
373119
373120
373121
373122
373123
373124
373125
373126
373127
373128
373129
373130
373133
373136
373137
373138
373139
373140
373141
373142
373143
373144
373145
373146
373147
373148
373150
373151
373152
373153
373154
373155
373156
373157
373159
373160
373161
373167
373168
373169
373170
373171
373172
373173
373174
373175
373176
373177
373178
373179
373180
373181
373182
373183
373184
373185
373186
373188
373189
373190
373191
373192
373193
373194
373195
373196
373197
373198
373201
373202
373203
373204
373205
373206
373207
373208
373209
373210
373211
373212
373213
373214
373215
373216
373217
373218
373219
373220
373221
373222
373223
373224
373226
373227
373231
373232
373233
373234
373238
373239
373240
373241
373242
373243
373244
373245
373246
373247
373248
373249
373250
373251
373252
373253
373254
373255
373256
373257
373258
373259
373260
373261
373262
373263
373266
373267
373268
373271
373272
373273
373274
373275
373277
373278
373279
373280
373281
373282
373283
373284
373286
373287
373288
373289
373290
373291
373292
373293
373295
373296
373297
373298
373299
373300
373301
373302
373305
373316
373317
373318
373319
373320
373321
373322
373323
373324
373325
373337
373338
373339
373340
373341
373343
373344
373345
373346
373347
373348
373349
373350
373351
373352
373353
373354
373355
373356
373357
373358
373359
373360
373361
373362
373370
373371
373372
373373
373374
373375
373376
373377
373378
373379
373380
373381
373382
373383
373384
373385
373386
373388
373389
373390
373391
373392
373394
373395
373396
373397
373398
373401
373402
373403
373404
373405
373406
373407
373408
373409
373410
373411
373412
373413
373414
373415
373416
373417
373419
373420
373422
373423
373424
373426
373427
373428
373429
373430
373431
373434
373435
373436
373438
373439
373440
373441
373442
373443
373444
373445
373446
373447
373448
373449
373450
373451
373452
373453
373454
373455
373456
373457
373458
373459
373460
373461
373462
373463
373482
373483
373485
373486
373487
373489
373490
373491
373492
373493
373497
373498
373499
373500
373501
373502
373503
373504
373505
373506
373507
373508
373509
373510
373511
373512
373513
373514
373522
373524
373525
373526
373527
373528
373529
373530
373531
373532
373533
373534
373535
373537
373538
373539
373540
373541
373542
373543
373544
373545
373546
373547
373548
373549
373550
373551
373552
373553
373554
373557
373558
373559
373560
373561
373562
373563
373564
373565
373566
373567
373568
373569
373570
373571
373572
373573
373574
373575
373576
373577
373578
373579
373580
373581
373582
373583
373585
373590
373591
373592
373593
373594
373595
373596
373597
373598
373599
373600
373601
373602
373603
373604
373605
373606
373607
373608
373609
373610
373611
373612
373613
373614
373615
373616
373618
373619
373620
373621
373624
373625
373626
373627
373628
373629
373630
373631
373632
373633
373634
373635
373636
373637
373638
373639
373640
373641
373642
373643
373644
373645
373646
373649
373650
373651
373652
373653
373657
373659
373660
373661
373662
373663
373664
373665
373666
373667
373668
373669
373670
373671
373672
373673
373675
373676
373677
373678
373679
373683
373684
373685
373688
373691
373692
373693
373694
373695
373696
373697
373698
373700
373701
373702
373703
373704
373705
373706
373707
373708
373709
373710
373711
373712
373713
373714
373715
373716
373717
373718
373719
373720
373721
373724
373725
373726
373727
373728
373729
373730
373731
373732
373733
373734
373735
373736
373737
373738
373739
373740
373741
373742
373743
373744
373745
373746
373747
373748
373749
373750
373751
373752
373753
373754
373757
373758
373759
373760
373761
373762
373763
373764
373765
373766
373767
373768
373769
373770
373771
373772
373773
373774
373775
373776
373777
373778
373779
373780
373781
373782
373783
373786
373787
373790
373791
373792
373793
373794
373795
373796
373797
373798
373799
373800
373801
373802
373803
373804
373805
373806
373807
373808
373809
373811
373812
373813
373814
373815
373816
373817
373818
373825
373826
373827
373828
373829
373830
373831
373832
373833
373834
373835
373836
373837
373838
373839
373840
373841
373842
373843
373844
373845
373846
373847
373848
373849
373850
373851
373852
373853
373856
373857
373858
373859
373860
373861
373862
373863
373864
373865
373866
373867
373868
373869
373870
373871
373872
373873
373874
373875
373876
373877
373878
373879
373880
373881
373882
373884
373885
373886
373887
373888
373889
373890
373891
373892
373895
373896
373897
373898
373899
373900
373901
373902
373903
373904
373905
373906
373907
373908
373909
373910
373911
373912
373913
373914
373915
373916
373917
373918
373919
373920
373921
373922
373923
373924
373925
373927
373928
373929
373930
373931
373932
373933
373934
373935
373936
373937
373938
373939
373940
373941
373942
373943
373944
373945
373946
373947
373948
373949
373950
373953
373954
373955
373956
373959
373960
373961
373963
373964
373966
373967
373968
373969
373970
373971
373972
373973
373974
373975
373976
373977
373978
373979
373980
373981
373982
373983
373984
373985
373986
373988
373989
373992
373993
373994
373996
374019
374020
374021
374022
374023
374024
374025
374026
374027
374028
374029
374030
374031
374032
374033
374034
374035
374036
374037
374038
374039
374040
374041
374042
374043
374044
374045
374046
374047
374048
374049
374050
374053
374054
374055
374056
374057
374058
374059
374060
374061
374062
374063
374064
374065
374066
374067
374068
374069
374070
374071
374073
374074
374075
374076
374078
374079
374080
374081
374082
374086
374087
374090
374091
374092
374093
374094
374095
374096
374097
374098
374099
374100
374101
374102
374103
374104
374105
374106
374107
374108
374109
374110
374111
374112
374113
374115
374116
374117
374118
374123
374124
374125
374126
374127
374128
374130
374131
374132
374133
374134
374135
374136
374137
374139
374140
374141
374142
374143
374145
374146
374149
374150
374151
374152
374154
374155
374156
374157
374158
374159
374160
374161
374162
374163
374164
374165
374166
374167
374168
374169
374170
374171
374172
374173
374175
374176
374177
374178
374180
374181
374190
374191
374192
374193
374194
374195
374198
374199
374200
374201
374202
374203
374204
374205
374206
374208
374209
374210
374211
374225
374226
374227
374228
374229
374230
374231
374232
374233
374234
374236
374237
374238
374239
374240
374241
374242
374243
374244
374245
374246
374247
374248
374249
374250
374253
374254
374255
374256
374259
374260
374261
374262
374263
374264
374265
374268
374270
374271
374272
374273
374274
374275
374276
374277
374278
374279
374280
374281
374282
374283
374284
374287
374289
374290
374291
374292
374295
374296
374297
374298
374299
374300
374301
374302
374303
374304
374305
374306
374307
374308
374309
374310
374311
374312
374313
374314
374315
374316
374317
374318
374319
374320
374321
374323
374324
374325
374328
374329
374330
374331
374332
374333
374334
374335
374336
374337
374338
374339
374340
374341
374342
374343
374344
374345
374346
374347
374348
374349
374350
374351
374352
374353
374355
374356
374357
374358
374359
374360
374363
374364
374366
374367
374368
374369
374370
374371
374372
374373
374374
374375
374376
374377
374378
374379
374380
374381
374382
374383
374384
374385
374386
374387
374388
374389
374390
374391
374392
374393
374396
374397
374398
374399
374400
374401
374402
374403
374404
374405
374406
374407
374408
374409
374410
374411
374413
374414
374415
374416
374417
374418
374419
374420
374421
374422
374423
374424
374425
374426
374429
374430
374431
374437
374438
374439
374440
374441
374442
374443
374444
374445
374447
374448
374449
374450
374451
374452
374453
374454
374455
374456
374457
374458
374459
374460
374462
374463
374466
374467
374468
374469
374470
374471
374472
374473
374474
374475
374477
374478
374479
374480
374481
374482
374484
374485
374486
374487
374488
374489
374490
374491
374492
374493
374494
374495
374507
374508
374509
374510
374511
374512
374513
374515
374516
374517
374525
374526
374527
374528
374530
374533
374536
374537
374538
374539
374540
374541
374542
374543
374544
374545
374546
374547
374548
374549
374550
374551
374552
374553
374554
374555
374556
374557
374558
374559
374560
374563
374564
374565
374566
374567
374570
374571
374572
374573
374574
374576
374577
374578
374579
374580
374581
374582
374583
374584
374585
374586
374588
374589
374590
374591
374592
374594
374597
374598
374601
374602
374603
374604
374605
374606
374607
374608
374609
374610
374611
374612
374613
374614
374615
374616
374617
374618
374619
374620
374621
374622
374623
374624
374625
374626
374627
374629
374636
374637
374638
374639
374640
374641
374642
374643
374644
374645
374646
374647
374648
374649
374650
374651
374652
374653
374654
374655
374656
374657
374658
374659
374660
374661
374662
374665
374666
374667
374668
374669
374670
374671
374672
374673
374674
374675
374676
374677
374678
374679
374680
374681
374682
374683
374684
374685
374686
374687
374688
374689
374690
374691
374693
374696
374697
374698
374699
374700
374701
374702
374703
374704
374705
374706
374707
374708
374709
374711
374712
374713
374714
374716
374717
374718
374719
374720
374721
374722
374723
374726
374727
374728
374729
374730
374731
374732
374733
374734
374735
374736
374737
374738
374739
374740
374741
374742
374743
374744
374747
374748
374749
374750
374751
374752
374753
374792
374793
374794
374795
374796
374797
374798
374799
374800
374801
374802
374803
374804
374805
374806
374807
374808
374809
374811
374812
374813
374814
374815
374816
374817
374820
374821
374822
374823
374824
374825
374826
374827
374828
374829
374830
374831
374832
374834
374835
374836
374837
374838
374839
374840
374841
374842
374843
374844
374847
374848
374849
374850
374851
374852
374853
374854
374855
374856
374857
374858
374859
374860
374861
374862
374863
374865
374866
374867
374868
374869
374870
374873
374874
374875
374876
374877
374878
374879
374880
374881
374882
374883
374885
374886
374887
374888
374889
374890
374891
374892
374893
374894
374895
374896
374897
374900
374901
374902
374903
374904
374905
374906
374907
374908
374909
374910
374912
374913
374914
374915
374916
374917
374918
374919
374920
374921
374922
374923
374936
374937
374938
374940
374941
374942
374944
374945
374946
374947
374948
374949
374953
374954
374955
374956
374957
374958
374959
374963
374964
374965
374966
374967
374968
374969
374970
374971
374972
374973
374974
374976
374977
374978
374979
374980
374981
374982
374983
374984
374985
374986
374987
374988
374989
374993
374994
374995
374996
374997
374998
374999
375000
375001
375002
375003
375004
375005
375006
375007
375008
375009
375010
375011
375012
375013
375014
375015
375016
375017
375019
375022
375024
375025
375026
375027
375028
375029
375030
375031
375032
375034
375035
375036
375037
375039
375040
375041
375042
375043
375044
375066
375067
375068
375069
375070
375071
375072
375073
375074
375075
375076
375077
375078
375079
375080
375081
375082
375083
375084
375085
375086
375087
375092
375095
375096
375097
375098
375099
375100
375101
375102
375103
375104
375105
375106
375107
375108
375109
375110
375111
375112
375113
375114
375115
375116
375117
375118
375119
375120
375122
375123
375124
375125
375126
375127
375128
375129
375130
375131
375132
375133
375134
375135
375136
375137
375138
375139
375140
375141
375142
375143
375144
375145
375146
375147
375148
375151
375152
375153
375154
375155
375156
375157
375158
375159
375161
375162
375163
375164
375165
375166
375167
375168
375169
375170
375171
375172
375173
375174
375175
375178
375179
375180
375181
375182
375183
375184
375185
375186
375187
375189
375190
375191
375193
375194
375195
375196
375197
375198
375199
375200
375201
375202
375203
375204
375207
375208
375209
375210
375211
375212
375213
375214
375215
375216
375217
375218
375219
375220
375221
375227
375228
375229
375232
375233
375238
375239
375240
375241
375242
375244
375245
375246
375248
375249
375250
375251
375252
375253
375254
375256
375261
375262
375263
375264
375265
375266
375267
375268
375269
375270
375271
375272
375273
375274
375275
375276
375277
375278
375279
375485
375486
375487
375493
375494
375495
375496
375497
375498
375499
375500
375501
375502
375503
375504
375505
375506
375507
375508
375509
375510
375511
375512
375513
375514
375516
375517
375518
375519
375522
375523
375524
375525
375526
375527
375528
375529
375530
375531
375532
375533
375534
375535
375536
375537
375538
375539
375540
375541
375542
375543
375544
375545
375546
375547
375548
375549
375552
375553
375554
375555
375556
375557
375558
375559
375560
375561
375562
375563
375564
375565
375566
375567
375568
375569
375570
375571
375572
375573
375574
375575
375576
375582
375583
375584
375585
375586
375587
375588
375589
375590
375591
375592
375593
375594
375595
375596
375597
375598
375599
375600
375601
375602
375603
375604
375605
375606
375607
375608
375613
375614
375615
375616
375617
375618
375619
375620
375621
375622
375623
375624
375625
375626
375627
375628
375629
375630
375631
375632
375633
375634
375635
375636
375639
375640
375643
375644
375645
375646
375647
375648
375649
375650
375651
375652
375653
375654
375655
375656
375657
375658
375659
375660
375661
375662
375663
375664
375665
375666
375667
375668
375669
375670
375671
375674
375675
375676
375677
375678
375679
375680
375681
375682
375683
375684
375685
375686
375689
375700
375701
375702
375703
375704
375705
375706
375707
375708
375709
375710
375711
375712
375713
375714
375715
375716
375718
375719
375720
375721
375723
375724
375725
375726
375727
375728
375731
375732
375733
375734
375735
375736
375737
375738
375739
375740
375742
375743
375744
375745
375746
375747
375748
375749
375750
375751
375752
375753
375754
375755
375756
375757
375758
375761
375762
375763
375764
375765
375767
375768
375769
375770
375771
375772
375773
375774
375775
375776
375777
375778
375779
375780
375781
375782
375783
375784
375785
375786
375787
375788
375789
375790
375793
375794
375795
375796
375797
375798
375799
375800
375801
375802
375803
375804
375806
375807
375809
375810
375811
375812
375813
375814
375817
375818
375819
375820
375821
375822
375823
375824
375828
375829
375830
375831
375832
375833
375835
375836
375837
375838
375839
375840
375841
375842
375843
375844
375845
375846
375847
375848
375849
375850
375851
375852
375853
375854
375855
375858
375859
375860
375861
375862
375864
375865
375866
375867
375868
375872
375873
375874
375875
375876
375877
375878
375880
375881
375884
375885
375886
375889
375890
375891
375892
375893
375894
375895
375896
375897
375898
375899
375900
375901
375902
375903
375904
375905
375906
375907
375908
375909
375910
375911
375912
375913
375914
375915
375916
375917
375918
375922
375923
375924
375925
375927
375928
375929
375930
375931
375932
375933
375934
375935
375936
375937
375938
375940
375942
375943
375944
375945
375946
375947
375948
375949
375950
375951
375954
375955
375956
375957
375958
375959
375961
375962
375963
375964
375965
375966
375967
375968
375969
375970
375972
375973
375975
375976
375978
375979
375980
375981
375982
375983
375984
375985
375986
375987
375988
375989
375990
375991
375992
375995
375996
375997
375998
375999
376000
376001
376002
376003
376004
376005
376006
376007
376008
376009
376010
376011
376012
376013
376014
376015
376016
376017
376018
376019
376020
376021
376022
376023
376024
376025
376028
376029
376030
376031
376032
376033
376034
376035
376036
376037
376038
376039
376040
376041
376042
376043
376044
376045
376046
376051
376052
376053
376054
376055
376058
376059
376060
376061
376062
376063
376064
376066
376070
376071
376072
376073
376074
376075
376076
376077
376078
376079
376080
376081
376082
376083
376084
376086
376099
376100
376101
376102
376103
376104
376105
376109
376110
376111
376112
376113
376114
376115
376116
376117
376118
376119
376120
376121
376122
376123
376124
376125
376126
376127
376128
376131
376132
376133
376134
376135
376136
376138
376139
376140
376141
376142
376143
376144
376145
376146
376147
376148
376149
376150
376152
376153
376154
376155
376157
376158
376161
376162
376163
376164
376167
376168
376169
376170
376171
376172
376173
376174
376271
376277
376281
376282
376283
376284
376285
376286
376287
376288
376289
376290
376291
376292
376293
376294
376295
376296
376297
376298
376299
376300
376301
376302
376303
376306
376307
376308
376309
376310
376313
376314
376315
376316
376317
376318
376319
376320
376321
376322
376323
376324
376325
376326
376327
376328
376329
376330
376332
376333
376334
376335
376336
376337
376338
376339
376340
376342
376343
376344
376345
376346
376347
376348
376350
376351
376352
376353
376355
376356
376357
376358
376359
376360
376361
376362
376363
376364
376365
376366
376367
376368
376369
376370
376371
376372
376373
376374
376375
376376
376384
376386
376387
376390
376391
376447
376448
376449
376450
376451
376454
376455
376456
376457
376458
376459
376461
376462
376463
376464
376465
376466
376467
376468
376469
376470
376471
376472
376473
376474
376475
376476
376477
376478
376481
376482
376484
376485
376486
376487
376488
376489
376490
376494
376495
376496
376497
376499
376500
376501
376502
376503
376504
376505
376506
376507
376508
376509
376511
376512
376513
376514
376515
376518
376519
376520
376521
376522
376525
376526
376529
376530
376531
376532
376533
376536
376537
376538
376539
376540
376541
376542
376543
376544
376545
376546
376548
376549
376550
376551
376552
376553
376554
376555
376556
376557
376558
376559
376560
376561
376562
376563
376564
376565
376566
376568
376569
376574
376575
376576
376578
376579
376580
376581
376582
376583
376584
376585
376586
376587
376588
376589
376590
376591
376592
376593
376594
376595
376596
376597
376598
376599
376600
376601
376602
376603
376606
376607
376608
376609
376610
376611
376614
376615
376616
376617
376618
376619
376620
376621
376622
376623
376624
376625
376626
376627
376628
376629
376630
376631
376632
376633
376634
376635
376636
376637
376638
376639
376640
376641
376642
376643
376644
376645
376646
376647
376648
376649
376650
376653
376654
376655
376656
376657
376658
376659
376660
376661
376662
376663
376664
376665
376666
376667
376668
376669
376670
376671
376672
376673
376674
376675
376676
376677
376678
376679
376680
376681
376682
376683
376684
376689
376690
376691
376694
376695
376696
376697
376698
376699
376700
376701
376702
376703
376704
376705
376706
376707
376708
376709
376710
376711
376712
376713
376714
376715
376716
376717
376718
376720
376721
376722
376723
376724
376725
376726
376727
376728
376729
376730
376733
376734
376735
376736
376737
376738
376739
376740
376741
376742
376743
376744
376745
376746
376747
376748
376749
376750
376751
376752
376753
376754
376755
376756
376757
376758
376759
376760
376761
376762
376763
376764
376765
376766
376767
376768
376769
376772
376773
376774
376775
376776
376777
376778
376779
376780
376781
376782
376783
376784
376785
376786
376787
376788
376789
376790
376791
376792
376793
376794
376795
376796
376797
376798
376799
376800
376801
376802
376803
376804
376805
376806
376807
376808
376809
376810
376814
376815
376816
376817
376818
376819
376820
376821
376822
376823
376824
376825
376826
376827
376829
376830
376831
376832
376833
376834
376835
376836
376837
376838
376839
376840
376841
376842
376918
376919
376923
376924
376925
376926
376927
376930
376931
376934
376935
376936
376937
376938
376939
376940
376941
376942
376943
376944
376945
376946
376947
376948
376949
376950
376951
376952
376953
376954
376955
376956
376957
376958
376959
376961
376962
376965
376966
376967
376968
376969
376970
376971
376974
376975
376976
376977
376978
376979
376980
376981
376982
376983
376984
376985
376986
376987
376988
376989
376990
376991
376992
376993
376994
376995
376996
376997
376998
376999
377000
377002
377003
377004
377005
377006
377007
377008
377009
377010
377011
377012
377013
377016
377017
377018
377019
377020
377021
377022
377023
377024
377025
377026
377027
377028
377029
377030
377031
377032
377033
377034
377035
377036
377037
377038
377039
377040
377041
377042
377043
377044
377045
377046
377047
377048
377049
377050
377051
377052
377053
377054
377058
377059
377060
377061
377062
377063
377064
377065
377066
377067
377068
377069
377070
377071
377072
377073
377074
377075
377076
377077
377078
377079
377080
377081
377082
377083
377084
377085
377086
377087
377088
377089
377090
377091
377092
377098
377099
377100
377101
377102
377103
377104
377105
377106
377107
377108
377109
377110
377111
377112
377113
377114
377115
377116
377117
377118
377119
377120
377121
377122
377123
377124
377125
377126
377127
377128
377129
377130
377131
377132
377133
377134
377135
377136
377143
377144
377145
377146
377147
377148
377149
377150
377151
377152
377153
377154
377155
377156
377157
377158
377159
377160
377161
377162
377163
377164
377165
377166
377167
377168
377169
377170
377171
377172
377173
377174
377175
377176
377177
377178
377179
377180
377181
377184
377185
377186
377187
377189
377190
377191
377192
377193
377194
377195
377196
377197
377198
377199
377200
377201
377202
377203
377204
377205
377206
377207
377208
377209
377210
377211
377212
377213
377214
377215
377216
377218
377219
377222
377225
377226
377227
377228
377229
377230
377231
377232
377233
377234
377235
377236
377237
377238
377239
377240
377241
377242
377243
377244
377245
377246
377247
377248
377249
377250
377251
377252
377253
377254
377255
377256
377257
377258
377259
377260
377261
377264
377265
377266
377267
377268
377270
377271
377272
377273
377274
377275
377276
377277
377278
377279
377280
377281
377282
377283
377284
377285
377286
377288
377289
377290
377291
377292
377299
377300
377303
377304
377305
377306
377307
377308
377309
377310
377311
377312
377313
377314
377315
377318
377319
377320
377321
377322
377323
377324
377325
377326
377327
377328
377329
377332
377335
377336
377349
377350
377351
377352
377353
377354
377355
377356
377357
377358
377359
377360
377361
377362
377363
377364
377365
377366
377367
377368
377369
377370
377371
377372
377375
377376
377377
377378
377379
377380
377381
377382
377383
377384
377385
377386
377387
377391
377392
377393
377394
377395
377396
377397
377398
377400
377403
377404
377405
377406
377407
377408
377409
377410
377411
377412
377413
377414
377415
377416
377417
377418
377419
377420
377421
377429
377430
377432
377433
377434
377435
377436
377437
377438
377440
377441
377442
377443
377444
377445
377446
377447
377448
377449
377450
377451
377452
377453
377454
377455
377460
377461
377462
377463
377468
377469
377470
377471
377472
377473
377474
377475
377476
377477
377478
377479
377482
377483
377484
377485
377486
377487
377488
377489
377490
377491
377492
377493
377494
377495
377496
377497
377498
377499
377500
377501
377502
377503
377507
377508
377509
377510
377511
377512
377514
377515
377516
377518
377519
377520
377521
377522
377523
377524
377525
377526
377527
377528
377529
377530
377531
377532
377533
377536
377537
377540
377541
377542
377546
377547
377548
377549
377550
377551
377552
377553
377554
377555
377556
377557
377558
377559
377560
377561
377562
377563
377564
377565
377566
377567
377568
377569
377570
377571
377572
377573
377574
377575
377576
377577
377578
377579
377580
377581
377582
377583
377584
377588
377589
377590
377591
377592
377593
377594
377595
377596
377597
377598
377599
377600
377601
377602
377603
377604
377605
377606
377609
377610
377611
377612
377620
377621
377622
377628
377629
377630
377634
377635
377636
377637
377642
377643
377644
377645
377646
377647
377648
377649
377650
377651
377652
377659
377673
377674
377675
377676
377677
377678
377679
377680
377681
377682
377683
377686
377687
377688
377689
377690
377691
377692
377693
377694
377695
377696
377699
377700
377701
377702
377703
377758
377761
377762
377763
377764
377765
377766
377767
377768
377769
377771
377772
377773
377774
377775
377776
377777
377778
377779
377780
377781
377782
377783
377784
377785
377786
377787
377788
377789
377790
377793
377794
377795
377796
377801
377802
377803
377804
377809
377810
377811
377812
377813
377814
377815
377816
377817
377818
377819
377820
377821
377822
377823
377824
377825
377826
377827
377828
377829
377830
377831
377832
377833
377834
377835
377836
377838
377839
377840
377841
377842
377843
377844
377845
377846
377847
377848
377851
377852
377853
377854
377855
377856
377857
377858
377859
377860
377862
377882
377883
377884
377885
377886
377887
377888
377889
377890
377891
377892
377893
377894
377895
377896
377897
377898
377899
377900
377901
377902
377903
377904
377905
377906
377907
377908
377909
377910
377911
377912
377913
377914
377915
377916
377917
377918
377919
377920
377921
377922
377923
377926
377927
377928
377929
377930
377931
377932
377933
377934
377935
377936
377937
377938
377939
377940
377941
377942
377943
377944
377945
377946
377947
377948
377949
377950
377951
377952
377953
377954
377955
377956
377957
377958
377959
377960
377961
377962
377963
377964
377965
377966
377967
377968
377970
377971
377972
377973
377974
377975
377979
377980
377981
377983
377984
377985
377986
377987
377988
377989
377990
377991
377992
377993
377994
377995
377996
377997
377998
377999
378000
378001
378002
378003
378004
378005
378006
378007
378008
378009
378010
378011
378012
378013
378014
378015
378016
378019
378020
378022
378023
378024
378025
378026
378027
378028
378029
378030
378031
378032
378033
378034
378035
378036
378037
378038
378039
378040
378041
378043
378044
378047
378048
378053
378054
378055
378056
378057
378058
378059
378060
378061
378062
378063
378064
378065
378066
378069
378070
378071
378072
378073
378074
378075
378076
378077
378078
378079
378080
378081
378082
378083
378084
378085
378086
378087
378088
378090
378091
378092
378093
378094
378096
378097
378098
378099
378100
378101
378102
378103
378104
378105
378106
378111
378112
378113
378114
378116
378117
378118
378119
378120
378121
378122
378123
378124
378125
378126
378127
378128
378129
378130
378131
378132
378133
378134
378135
378136
378137
378138
378139
378140
378141
378142
378147
378148
378149
378150
378153
378154
378155
378156
378158
378159
378160
378161
378162
378163
378164
378165
378166
378167
378168
378169
378170
378171
378172
378173
378174
378175
378176
378177
378178
378179
378180
378181
378182
378183
378184
378185
378186
378187
378188
378189
378190
378191
378193
378194
378197
378198
378199
378200
378201
378202
378203
378204
378205
378206
378207
378208
378209
378210
378211
378212
378213
378214
378215
378216
378217
378218
378219
378220
378221
378222
378223
378224
378225
378226
378227
378228
378229
378231
378232
378233
378234
378235
378239
378240
378241
378242
378243
378244
378245
378246
378247
378248
378249
378250
378251
378252
378253
378256
378257
378258
378259
378260
378261
378262
378263
378264
378265
378266
378267
378268
378269
378270
378271
378272
378273
378274
378275
378278
378279
378280
378283
378284
378285
378286
378287
378288
378289
378290
378291
378292
378293
378294
378295
378296
378297
378298
378299
378300
378301
378302
378303
378304
378305
378306
378307
378308
378309
378310
378311
378312
378313
378314
378315
378316
378317
378318
378319
378320
378321
378324
378325
378326
378327
378328
378329
378330
378331
378332
378333
378334
378335
378336
378337
378338
378339
378340
378341
378342
378343
378344
378345
378346
378347
378348
378349
378350
378351
378352
378353
378356
378357
378358
378359
378360
378361
378362
378363
378366
378367
378368
378369
378370
378371
378372
378373
378374
378375
378376
378377
378378
378379
378380
378381
378382
378383
378384
378385
378386
378387
378388
378389
378390
378391
378392
378393
378394
378395
378396
378397
378398
378399
378400
378401
378402
378403
378404
378405
378408
378409
378410
378411
378412
378413
378414
378415
378417
378418
378419
378420
378421
378422
378423
378424
378425
378426
378427
378428
378429
378430
378431
378432
378433
378434
378435
378436
378437
378438
378439
378440
378441
378442
378443
378444
378445
378446
378447
378451
378452
378453
378454
378455
378456
378457
378458
378459
378460
378461
378462
378463
378464
378465
378466
378467
378468
378469
378470
378472
378473
378474
378475
378476
378477
378478
378479
378480
378481
378482
378483
378484
378485
378486
378487
378488
378489
378490
378491
378492
378495
378496
378497
378498
378499
378500
378501
378502
378503
378504
378505
378506
378507
378508
378509
378510
378511
378512
378513
378514
378516
378518
378519
378520
378521
378522
378523
378524
378525
378526
378527
378528
378529
378530
378531
378532
378533
378534
378535
378536
378537
378538
378539
378542
378543
378544
378545
378546
378547
378548
378549
378550
378551
378552
378553
378554
378555
378556
378557
378558
378559
378560
378561
378562
378563
378564
378565
378566
378567
378568
378569
378570
378571
378572
378573
378574
378575
378576
378577
378580
378581
378582
378583
378584
378585
378586
378587
378588
378589
378590
378591
378592
378593
378594
378595
378596
378597
378598
378599
378600
378601
378602
378603
378605
378606
378607
378608
378609
378610
378611
378612
378613
378614
378615
378616
378619
378620
378621
378622
378623
378624
378626
378627
378628
378629
378630
378631
378632
378633
378634
378635
378636
378637
378638
378639
378640
378641
378642
378643
378644
378645
378646
378647
378648
378649
378650
378651
378652
378653
378656
378657
378658
378659
378660
378661
378662
378663
378664
378665
378666
378667
378668
378669
378670
378671
378672
378673
378686
378687
378688
378689
378690
378691
378692
378693
378694
378695
378696
378697
378698
378699
378700
378701
378702
378703
378704
378705
378706
378707
378708
378709
378710
378711
378712
378713
378714
378715
378716
378717
378718
378719
378720
378723
378724
378725
378726
378727
378728
378729
378730
378731
378732
378733
378734
378735
378736
378737
378738
378739
378740
378743
378744
378745
378746
378747
378748
378749
378750
378751
378752
378753
378754
378755
378756
378757
378758
378759
378760
378763
378764
378765
378766
378767
378768
378769
378770
378771
378772
378773
378774
378775
378776
378777
378778
378779
378781
378782
378783
378784
378785
378786
378787
378788
378789
378790
378791
378792
378793
378794
378795
378797
378800
378801
378802
378803
378804
378805
378806
378807
378808
378809
378810
378811
378812
378813
378814
378815
378816
378817
378818
378819
378820
378821
378822
378823
378824
378825
378826
378827
378828
378831
378832
378833
378836
378837
378838
378839
378840
378841
378842
378843
378844
378845
378846
378847
378848
378849
378850
378851
378852
378853
378854
378855
378856
378857
378858
378859
378860
378861
378862
378863
378864
378865
378866
378867
378868
378871
378874
378875
378876
378877
378878
378879
378880
378881
378882
378883
378884
378885
378886
378887
378888
378892
378893
378894
378895
378896
378897
378898
378899
378900
378901
378902
378903
378904
378905
378906
378907
378908
378911
378912
378913
378914
378915
378916
378917
378918
378919
378920
378921
378922
378923
378924
378925
378926
378927
378928
378929
378930
378931
378932
378933
378934
378935
378936
378937
378938
378939
378940
378941
378942
378943
378944
378945
378948
378949
378950
378951
378955
378956
378960
378961
378962
378963
378964
378965
378966
378967
378968
378969
378970
378971
378972
378973
378974
378975
378976
378977
378978
378979
378980
378981
378982
378985
378986
378987
378988
378989
378990
378991
378992
378993
378994
378995
378996
378997
378998
378999
379000
379001
379002
379003
379004
379005
379006
379007
379008
379009
379010
379011
379012
379013
379014
379015
379016
379017
379018
379021
379022
379023
379024
379025
379026
379027
379028
379029
379030
379031
379032
379033
379034
379035
379036
379037
379038
379039
379040
379041
379042
379043
379044
379045
379046
379047
379048
379049
379050
379051
379052
379053
379056
379057
379058
379059
379060
379061
379062
379063
379064
379065
379066
379070
379071
379072
379073
379074
379075
379076
379077
379078
379079
379080
379081
379082
379084
379085
379086
379087
379088
379089
379090
379093
379094
379095
379096
379097
379098
379099
379100
379101
379102
379103
379104
379105
379106
379107
379108
379109
379110
379111
379112
379113
379114
379115
379116
379117
379118
379119
379120
379122
379123
379124
379125
379126
379131
379132
379133
379134
379135
379136
379137
379138
379140
379141
379142
379143
379144
379145
379146
379147
379149
379150
379151
379152
379153
379154
379155
379156
379157
379158
379159
379160
379161
379162
379163
379164
379165
379168
379169
379170
379171
379172
379173
379174
379175
379176
379177
379178
379179
379180
379181
379182
379183
379184
379185
379188
379189
379190
379192
379193
379194
379195
379196
379197
379199
379200
379201
379202
379203
379206
379207
379208
379209
379210
379211
379212
379213
379214
379215
379216
379217
379218
379219
379220
379221
379222
379223
379224
379225
379226
379227
379228
379229
379230
379231
379232
379233
379234
379235
379236
379237
379238
379239
379240
379241
379242
379243
379244
379250
379251
379252
379253
379254
379255
379256
379257
379258
379259
379260
379261
379262
379263
379264
379265
379266
379267
379268
379269
379270
379271
379272
379273
379274
379275
379276
379277
379278
379279
379280
379281
379282
379283
379284
379285
379286
379287
379288
379291
379292
379293
379294
379295
379296
379297
379298
379299
379300
379301
379302
379303
379304
379307
379308
379309
379310
379311
379312
379313
379314
379315
379316
379317
379319
379320
379321
379322
379323
379324
379325
379326
379327
379328
379329
379330
379331
379332
379335
379336
379337
379338
379339
379340
379341
379342
379343
379344
379345
379346
379347
379348
379349
379350
379351
379352
379353
379354
379355
379356
379357
379358
379359
379361
379363
379364
379365
379366
379367
379369
379370
379371
379383
379384
379385
379387
379388
379389
379390
379391
379392
379393
379394
379395
379396
379487
379488
379489
379491
379492
379493
379494
379495
379496
379497
379499
379500
379501
379502
379503
379504
379505
379506
379507
379508
379509
379510
379511
379512
379516
379517
379518
379530
379531
379532
379533
379534
379535
379536
379537
379538
379539
379540
379541
379542
379543
379544
379622
379623
379624
379625
379626
379627
379628
379629
379632
379633
379634
379635
379636
379637
379638
379639
379640
379641
379642
379643
379644
379645
379646
379647
379648
379649
379650
379651
379652
379653
379654
379655
379656
379657
379733
379734
379735
379736
379737
379738
379739
379741
379776
379777
379778
379779
379780
379781
379783
379784
379785
379786
379787
379788
379789
379790
379791
379792
379793
379794
379795
379796
379797
379798
379799
379800
379801
379802
379803
379804
379805
379806
379807
379811
379812
379813
379814
379815
379816
379817
379818
379819
379820
379821
379822
379823
379824
379825
379826
379827
379828
379829
379830
379831
379832
379833
379834
379835
379836
379837
379838
379839
379840
379844
379845
379846
379847
379848
379849
379850
379851
379852
379853
379854
379855
379856
379857
379858
379859
379860
379862
379863
379864
379865
379866
379867
379868
379869
379870
379871
379872
379873
379877
379879
379880
379881
379882
379883
379884
379886
379887
379888
379889
379890
379891
379892
379893
379894
379895
379896
379897
379898
379899
379901
379902
379903
379904
379905
379906
379907
379913
379915
379916
379917
379918
379919
379921
379922
379923
379924
379925
379926
379927
379929
379930
379931
379932
379933
379934
379935
379936
379937
379938
379939
379940
379945
379946
379947
379948
379949
379950
379951
379952
379956
379957
379958
379959
379960
379961
379962
379963
379964
379966
379967
379968
379969
379970
379971
379972
379973
379974
379975
379976
379977
379978
379979
379980
379981
379982
379983
379984
379985
379986
379989
379990
379991
379992
379993
379994
379995
379996
379997
379998
379999
380000
380001
380002
380003
380004
380005
380006
380007
380008
380009
380010
380011
380016
380017
380018
380022
380023
380024
380025
380026
380027
380028
380029
380030
380031
380032
380033
380034
380035
380036
380037
380038
380039
380040
380042
380045
380046
380047
380048
380049
380050
380053
380054
380055
380056
380057
380058
380059
380060
380061
380062
380063
380064
380066
380076
380077
380078
380079
380080
380081
380083
380084
380085
380087
380088
380089
380090
380091
380093
380094
380095
380096
380097
380098
380099
380100
380102
380103
380104
380105
380108
380109
380110
380111
380112
380113
380114
380117
380118
380119
380121
380122
380123
380124
380125
380126
380127
380128
380129
380130
380131
380132
380133
380134
380135
380136
380137
380138
380139
380142
380143
380144
380145
380146
380147
380148
380149
380150
380151
380152
380153
380154
380155
380156
380157
380159
380160
380161
380162
380163
380164
380165
380166
380167
380169
380172
380173
380174
380176
380177
380178
380179
380180
380181
380182
380183
380184
380185
380186
380187
380188
380189
380190
380191
380192
380193
380194
380195
380196
380197
380198
380199
380200
380201
380206
380207
380208
380209
380210
380211
380212
380213
380214
380215
380216
380217
380218
380219
380220
380221
380222
380223
380224
380225
380226
380227
380228
380229
380230
380231
380232
380233
380234
380235
380238
380239
380240
380241
380242
380243
380244
380245
380246
380248
380249
380250
380251
380252
380253
380255
380256
380257
380258
380259
380260
380261
380262
380263
380264
380265
380266
380267
380268
380271
380272
380273
380274
380275
380276
380277
380278
380279
380280
380282
380283
380284
380285
380286
380287
380288
380290
380291
380292
380293
380294
380295
380297
380298
380299
380300
380301
380303
380306
380307
380308
380309
380310
380311
380312
380313
380314
380315
380316
380317
380319
380320
380321
380322
380323
380324
380325
380326
380327
380328
380332
380333
380334
380335
380336
380390
380391
380392
380393
380394
380395
380396
380397
380398
380399
380400
380401
380402
380403
380404
380405
380406
380407
380408
380410
380411
380412
380415
380416
380417
380418
380419
380421
380422
380423
380426
380427
380428
380429
380430
380431
380432
380433
380434
380435
380436
380437
380439
380440
380441
380442
380443
380444
380445
380446
380447
380460
380461
380462
380463
380464
380465
380466
380467
380468
380469
380470
380479
380480
380481
380482
380483
380484
380485
380486
380487
380488
380490
380491
380492
380493
380494
380495
380496
380497
380498
380499
380500
380501
380502
380503
380504
380505
380506
380507
380508
380510
380513
380514
380515
380516
380517
380518
380519
380520
380521
380522
380523
380524
380525
380526
380527
380528
380529
380530
380531
380532
380533
380534
380535
380536
380537
380538
380543
380546
380547
380548
380549
380550
380551
380552
380553
380554
380555
380556
380557
380558
380559
380560
380561
380562
380563
380564
380566
380567
380568
380569
380570
380571
380572
380574
380575
380576
380577
380580
380581
380583
380584
380585
380586
380587
380588
380589
380591
380592
380593
380594
380595
380596
380597
380598
380599
380600
380602
380603
380604
380605
380606
380607
380608
380611
380612
380613
380614
380615
380617
380618
380619
380621
380622
380623
380624
380625
380626
380627
380628
380629
380630
380632
380633
380634
380635
380636
380637
380640
380643
380644
380645
380646
380647
380648
380649
380650
380651
380652
380653
380654
380655
380656
380657
380658
380659
380660
380661
380662
380664
380665
380666
380667
380668
380669
380670
380671
380672
380675
380676
380677
380678
380679
380680
380681
380682
380684
380685
380694
380695
380696
380697
380698
380699
380700
380701
380702
380703
380704
380705
380706
380707
380710
380711
380714
380715
380716
380717
380718
380719
380720
380721
380722
380723
380724
380725
380726
380727
380728
380729
380730
380731
380732
380735
380736
380737
380740
380743
380744
380745
380746
380747
380748
380749
380750
380751
380752
380753
380754
380755
380757
380758
380759
380760
380761
380762
380763
380764
380765
380768
380771
380772
380773
380776
380777
380778
380779
380780
380781
380782
380783
380784
380785
380786
380788
380793
380794
380795
380796
380797
380798
380799
380800
380801
380802
380803
380804
380805
380806
380807
380808
380809
380810
380811
380812
380815
380816
380817
380818
380819
380820
380821
380823
380824
380825
380826
380827
380828
380829
380830
380831
380832
380833
380834
380835
380836
380837
380838
380839
380840
380841
380842
380843
380844
380845
380846
380849
380850
380851
380852
380853
380854
380855
380856
380857
380858
380860
380861
380862
380868
380869
380870
380871
380872
380873
380874
380905
380906
380907
380908
380909
380910
380911
380912
380913
380914
380915
380916
380917
380918
380919
380920
380921
380922
380924
380925
380926
380927
380928
380930
380931
380932
380938
380941
380942
380943
380944
380945
380947
380948
380949
380950
380951
380952
380953
380954
380955
380957
380959
380960
380961
380962
380963
380964
380965
380966
380968
380969
380970
380973
380974
380975
380976
380977
380978
380980
380981
380982
380983
380987
381000
381086
381087
381088
381089
381090
381091
381094
381095
381096
381097
381098
381099
381100
381101
381102
381103
381104
381105
381106
381107
381108
381109
381110
381111
381112
381113
381114
381115
381116
381117
381118
381119
381120
381121
381124
381125
381126
381128
381129
381130
381131
381132
381133
381134
381135
381136
381137
381138
381139
381140
381141
381142
381143
381144
381145
381146
381147
381148
381149
381150
381151
381154
381155
381156
381157
381158
381159
381160
381162
381163
381164
381165
381166
381167
381168
381169
381170
381171
381172
381173
381174
381175
381176
381177
381178
381179
381180
381181
381182
381185
381186
381187
381188
381190
381191
381192
381193
381194
381195
381196
381197
381198
381199
381200
381201
381202
381205
381206
381207
381208
381209
381210
381211
381212
381213
381214
381215
381216
381219
381220
381221
381222
381223
381224
381225
381226
381227
381228
381229
381230
381231
381232
381233
381234
381235
381236
381237
381238
381239
381240
381241
381242
381243
381244
381245
381246
381247
381250
381251
381252
381253
381254
381255
381256
381257
381258
381259
381260
381261
381262
381263
381264
381265
381266
381267
381268
381269
381270
381271
381272
381298
381300
381301
381302
381303
381304
381305
381306
381307
381308
381309
381310
381311
381312
381313
381314
381315
381316
381317
381318
381319
381320
381321
381322
381323
381324
381325
381330
381331
381332
381333
381334
381335
381336
381337
381338
381339
381340
381341
381342
381343
381344
381345
381346
381348
381350
381352
381353
381356
381357
381358
381359
381360
381366
381367
381368
381369
381370
381371
381372
381374
381375
381376
381377
381378
381379
381380
381381
381382
381383
381384
381385
381386
381387
381388
381390
381391
381392
381395
381396
381413
381414
381415
381416
381417
381418
381420
381421
381422
381423
381434
381435
381436
381439
381440
381441
381442
381443
381444
381445
381446
381447
381448
381449
381450
381451
381452
381453
381454
381455
381456
381457
381459
381462
381463
381464
381465
381466
381471
381472
381473
381475
381476
381477
381478
381479
381480
381481
381482
381484
381485
381486
381487
381488
381489
381490
381491
381492
381493
381494
381495
381496
381497
381498
381499
381500
381501
381519
381520
381521
381526
381527
381528
381529
381530
381531
381532
381533
381534
381535
381627
381631
381632
381633
381634
381728
381751
381765
381768
381774
381791
381792
381793
381794
381795
381796
381797
381798
381799
381800
381801
381804
381805
381806
381807
381808
381809
381810
381811
381812
381813
381814
381815
381816
381817
381818
381819
381820
381821
381822
381823
381824
381825
381826
381832
381833
381834
381835
381836
381837
381838
381839
381840
381841
381842
381843
381844
381845
381846
381847
381848
381849
381852
381853
381854
381873
381874
381875
381876
381877
381881
381882
381886
381887
381888
381889
381890
381891
381892
381893
381894
381895
381897
381898
381899
381900
381902
381903
381905
381906
381907
381908
381909
381910
381911
381912
381913
381914
381915
381916
381917
381918
381919
381920
381921
381922
381923
381926
381927
381928
381929
381930
381931
381932
381933
381934
381935
381936
381937
381938
381939
381940
381941
381942
381943
381944
381945
381946
381947
381948
381949
381952
381953
381954
381955
381956
381957
381958
381959
381960
381962
381963
381964
381965
381966
381967
381968
381969
381970
381971
381972
381973
381974
381977
381978
381979
381980
381981
381982
381983
381984
381985
381986
381987
381988
381989
381990
381991
381992
381993
381994
381995
381996
381997
382000
382001
382002
382003
382004
382005
382006
382007
382008
382010
382011
382012
382014
382015
382016
382017
382018
382032
382033
382034
382035
382038
382039
382040
382041
382042
382043
382044
382045
382046
382047
382048
382049
382050
382052
382053
382054
382055
382056
382057
382060
382061
382062
382063
382064
382065
382066
382067
382068
382069
382070
382071
382072
382073
382074
382075
382076
382077
382078
382079
382080
382083
382084
382085
382086
382087
382088
382089
382090
382091
382092
382093
382095
382096
382097
382098
382099
382100
382101
382102
382103
382104
382107
382108
382109
382110
382111
382112
382113
382114
382115
382116
382117
382118
382119
382120
382121
382122
382123
382124
382125
382126
382127
382130
382131
382132
382133
382134
382135
382136
382137
382138
382139
382140
382141
382142
382144
382145
382146
382147
382148
382149
382150
382153
382154
382155
382156
382157
382158
382159
382160
382161
382162
382163
382164
382165
382166
382167
382168
382169
382170
382171
382172
382173
382176
382177
382178
382179
382180
382181
382182
382183
382184
382185
382186
382187
382188
382189
382190
382191
382192
382193
382194
382195
382196
382199
382200
382201
382202
382203
382204
382206
382207
382208
382209
382210
382211
382212
382213
382214
382215
382216
382217
382218
382219
382220
382223
382225
382226
382227
382228
382229
382230
382231
382232
382233
382234
382235
382236
382238
382239
382240
382241
382242
382243
382244
382245
382248
382249
382250
382251
382252
382253
382254
382255
382256
382257
382258
382259
382260
382261
382262
382263
382264
382265
382266
382267
382268
382269
382477
382478
382479
382480
382481
382482
382483
382484
382485
382486
382487
382488
382489
382490
382491
382492
382493
382494
382495
382496
382499
382500
382501
382502
382503
382504
382505
382506
382507
382508
382509
382510
382511
382512
382513
382514
382515
382516
382517
382518
382519
382522
382523
382524
382525
382526
382527
382528
382529
382530
382531
382532
382533
382534
382535
382536
382537
382538
382539
382540
382541
382542
382545
382546
382547
382548
382549
382550
382551
382552
382553
382554
382555
382556
382557
382558
382559
382560
382561
382562
382563
382564
382567
382568
382569
382570
382571
382572
382573
382574
382575
382576
382577
382578
382579
382580
382581
382582
382583
382584
382585
382586
382587
382590
382591
382592
382593
382594
382595
382596
382597
382598
382599
382600
382601
382602
382603
382604
382605
382606
382607
382608
382609
382612
382613
382614
382615
382616
382617
382618
382619
382620
382621
382622
382623
382624
382625
382626
382627
382628
382629
382630
382631
382642
382643
382644
382645
382646
382647
382648
382649
382650
382651
382652
382653
382654
382655
382656
382657
382658
382660
382663
382664
382665
382666
382667
382668
382669
382670
382671
382672
382673
382674
382675
382676
382677
382678
382679
382680
382681
382684
382685
382686
382687
382688
382689
382690
382691
382692
382693
382694
382695
382696
382698
382699
382700
382701
382702
382703
382706
382707
382708
382709
382710
382711
382712
382713
382714
382715
382716
382717
382719
382720
382721
382722
382723
382724
382725
382728
382729
382730
382731
382732
382733
382734
382735
382736
382737
382738
382739
382740
382741
382742
382748
382749
382750
382751
382752
382753
382754
382755
382756
382757
382758
382759
382760
382761
382762
382763
382764
382765
382767
382768
382771
382772
382773
382774
382775
382776
382777
382778
382779
382780
382781
382782
382783
382784
382785
382787
382788
382789
382792
382793
382794
382795
382796
382797
382798
382799
382800
382801
382802
382803
382804
382805
382806
382807
382808
382809
382810
382811
382812
382815
382816
382817
382818
382819
382820
382821
382822
382823
382824
382825
382826
382827
382828
382829
382830
382831
382832
382833
382834
382837
382838
382839
382840
382841
382842
382843
382844
382845
382846
382847
382848
382849
382850
382851
382853
382854
382855
382856
382857
382870
382873
382875
382877
382879
382881
382882
382884
382885
382886
382887
382888
382889
382890
382891
382892
382893
382894
382895
382896
382897
382898
382905
382907
382909
382911
382912
382913
382914
382915
382916
382917
382918
382919
382920
382921
382929
382932
382933
382934
382935
382936
382937
382938
382939
382940
382941
382942
382943
382944
382945
382946
382947
382948
382949
382950
382951
382952
382953
382954
382957
382958
382959
382960
382961
382962
382965
382966
382967
382968
382969
382970
382971
382972
382973
382974
382975
382976
382977
382978
382979
382980
382981
382982
382983
382986
382987
382988
382989
382990
382991
382994
382995
382996
382997
382999
383000
383002
383003
383005
383006
383007
383008
383009
383010
383012
383013
383014
383015
383016
383017
383018
383019
383020
383023
383024
383025
383026
383027
383028
383029
383030
383031
383032
383033
383034
383035
383036
383037
383038
383039
383040
383041
383042
383043
383044
383045
383046
383047
383048
383049
383050
383051
383052
383053
383056
383058
383059
383060
383061
383062
383063
383064
383065
383066
383067
383068
383069
383070
383071
383072
383073
383074
383075
383076
383077
383078
383079
383080
383081
383082
383083
383084
383085
383086
383087
383090
383091
383092
383093
383094
383095
383096
383097
383098
383099
383100
383101
383102
383103
383104
383105
383106
383107
383108
383109
383110
383111
383112
383113
383114
383115
383116
383117
383118
383129
383130
383133
383134
383135
383136
383137
383138
383139
383140
383141
383142
383143
383144
383147
383148
383149
383150
383151
383153
383155
383156
383157
383158
383159
383160
383161
383162
383163
383164
383165
383166
383167
383168
383169
383170
383171
383172
383173
383174
383175
383176
383177
383178
383179
383182
383183
383184
383185
383186
383187
383188
383189
383190
383191
383192
383193
383194
383195
383196
383197
383198
383199
383200
383201
383202
383203
383204
383205
383206
383207
383210
383211
383212
383213
383214
383215
383218
383219
383220
383221
383222
383223
383224
383225
383226
383227
383228
383229
383230
383231
383232
383234
383235
383236
383237
383238
383239
383240
383241
383242
383256
383258
383259
383260
383263
383264
383266
383267
383268
383269
383270
383271
383272
383273
383275
383276
383277
383278
383283
383286
383287
383288
383291
383292
383296
383297
383299
383301
383302
383303
383304
383305
383307
383309
383310
383311
383312
383314
383315
383317
383319
383320
383322
383323
383328
383329
383330
383334
383335
383336
383343
383344
383346
383347
383348
383349
383351
383352
383353
383355
383356
383357
383358
383359
383365
383367
383368
383372
385124
385125
385126
385127
385128
385129
385130
385131
385132
385133
385134
385135
385136
385194
385195
385196
385197
385198
385199
385200
385201
385206
385226
385227
385228
385229
385230
385231
385232
385247
385248
385249
385250
385251
385252
385253
385254
385255
385256
385257
385258
385259
385260
385261
385262
385263
385264
385265
385266
385267
385268
385269
385270
385271
385272
385273
385274
385275
385276
385277
385278
385279
385280
385283
385284
385285
385289
385290
385291
385292
385293
385294
385295
385296
385297
385298
385299
385300
385301
385302
385303
385304
385305
385306
385307
385308
385309
385310
385311
385312
385313
385314
385315
385316
385317
385318
385319
385320
385321
385322
385323
385324
385325
385326
385331
385332
385333
385334
385335
385336
385337
385338
385339
385340
385341
385342
385343
385344
385345
385346
385347
385348
385349
385350
385351
385352
385353
385354
385355
385356
385357
385358
385359
385360
385361
385362
385363
385364
385365
385366
385367
385368
385369
385372
385373
385374
385375
385376
385377
385378
385379
385380
385381
385382
385383
385384
385385
385386
385387
385388
385389
385390
385391
385392
385393
385394
385395
385396
385397
385398
385399
385400
385401
385402
385403
385404
385405
385406
385407
385408
385409
385410
385413
385414
385415
385416
385417
385418
385419
385420
385421
385422
385423
385424
385425
385426
385427
385428
385429
385430
385431
385432
385433
385434
385435
385436
385437
385438
385439
385440
385441
385442
385443
385444
385445
385446
385447
385448
385449
385451
385452
385455
385456
385457
385458
385459
385460
385461
385462
385463
385464
385465
385466
385467
385468
385469
385470
385471
385472
385473
385474
385475
385476
385477
385478
385479
385480
385481
385482
385483
385484
385485
385486
385487
385488
385489
385490
385491
385492
385493
385494
385495
385498
385499
385500
385501
385502
385503
385504
385505
385506
385507
385508
385509
385510
385511
385512
385513
385514
385515
385516
385517
385518
385519
385520
385521
385522
385523
385524
385525
385526
385527
385528
385529
385530
385531
385532
385535
385536
385537
385539
385540
385541
385542
385543
385544
385545
385546
385547
385548
385549
385550
385551
385552
385553
385554
385555
385556
385557
385558
385559
385560
385561
385562
385563
385564
385565
385566
385567
385568
385569
385570
385571
385572
385573
385574
385575
385576
385577
385578
385579
385580
385582
385583
385584
385586
385587
385588
385589
385590
385591
385592
385593
385594
385595
385596
385597
385598
385599
385600
385601
385602
385603
385604
385605
385606
385607
385608
385609
385610
385611
385612
385613
385614
385615
385616
385617
385618
385619
385620
385621
385622
385623
385624
385626
385627
385628
385629
385630
385631
385632
385633
385634
385635
385636
385637
385638
385651
385652
385653
385654
385655
385656
385657
385658
385659
385660
385661
385662
385663
385664
385665
385666
385667
385668
385669
385670
385671
385672
385673
385674
385675
385676
385677
385678
385679
385680
385681
385682
385683
385684
385685
385686
385687
385688
385689
385690
385692
385693
385694
385695
385696
385697
385698
385699
385700
385701
385702
385703
385704
385705
385706
385707
385708
385709
385710
385711
385712
385713
385714
385715
385716
385717
385718
385719
385720
385721
385722
385723
385724
385725
385726
385727
385728
385729
385730
385731
385732
385733
385734
385737
385738
385739
385740
385741
385742
385743
385744
385745
385746
385747
385748
385749
385750
385751
385752
385753
385754
385755
385756
385757
385758
385759
385760
385761
385762
385763
385764
385765
385766
385767
385768
385769
385770
385771
385772
385773
385774
385775
385776
385777
385778
385779
385782
385783
385784
385785
385786
385787
385788
385789
385790
385791
385792
385794
385795
385796
385797
385798
385799
385800
385801
385802
385803
385804
385805
385806
385807
385808
385809
385810
385811
385812
385813
385814
385815
385816
385817
385820
385821
385822
385823
385824
385827
385828
385829
385830
385831
385832
385833
385834
385835
385836
385837
385838
385839
385840
385841
385842
385843
385844
385845
385846
385847
385848
385849
385850
385851
385852
385853
385854
385855
385856
385857
385858
385859
385909
385910
385912
385913
385914
385915
385916
385917
385918
385919
385920
385921
385922
385923
385924
385925
385926
385927
385928
385929
385930
385931
385932
385933
385934
385935
385936
385937
385938
385939
385940
385941
385942
385943
385946
385947
385948
385949
385950
385951
385953
385954
385955
385956
385957
385958
385959
385960
385961
385962
385963
385964
385967
385968
385969
385970
385971
385975
385976
385980
385981
385982
385983
385984
385985
385986
385987
385991
385992
385993
385994
385995
385996
385997
385998
385999
386000
386001
386002
386003
386004
386005
386006
386007
386008
386009
386010
386011
386012
386013
386014
386015
386016
386017
386018
386019
386020
386021
386022
386023
386026
386027
386028
386029
386036
386037
386038
386039
386040
386041
386042
386043
386044
386045
386046
386047
386048
386049
386050
386051
386052
386053
386054
386055
386056
386057
386058
386059
386060
386061
386062
386063
386064
386065
386066
386067
386068
386069
386070
386071
386072
386073
386074
386075
386076
386077
386078
386079
386080
386083
386084
386085
386086
386087
386088
386089
386090
386091
386092
386093
386094
386095
386096
386097
386098
386099
386100
386101
386102
386103
386104
386105
386106
386107
386108
386109
386110
386111
386112
386113
386114
386115
386116
386117
386118
386119
386120
386121
386122
386123
386124
386125
386126
386127
386128
386129
386130
386131
386134
386135
386136
386137
386138
386139
386140
386141
386142
386143
386144
386145
386146
386147
386148
386149
386150
386151
386152
386153
386154
386155
386156
386157
386158
386159
386160
386161
386162
386163
386164
386167
386168
386169
386184
386185
386186
386187
386188
386189
386190
386191
386192
386193
386194
386195
386196
386197
386198
386199
386200
386201
386202
386203
386204
386205
386206
386207
386208
386209
386210
386211
386216
386217
386218
386219
386222
386223
386224
386225
386226
386227
386228
386229
386230
386231
386232
386233
386234
386235
386236
386237
386238
386240
386241
386242
386243
386244
386245
386246
386247
386248
386249
386250
386251
386252
386253
386254
386255
386256
386259
386260
386263
386264
386265
386266
386267
386268
386269
386270
386271
386272
386273
386274
386275
386276
386277
386278
386279
386280
386281
386282
386283
386284
386285
386286
386287
386288
386289
386290
386291
386292
386295
386296
386297
386298
386301
386302
386303
386304
386305
386306
386307
386308
386309
386310
386311
386312
386313
386314
386315
386316
386317
386318
386319
386320
386321
386322
386323
386324
386325
386326
386327
386328
386329
386330
386331
386332
386335
386338
386339
386340
386342
386343
386344
386345
386346
386347
386348
386349
386350
386351
386352
386353
386354
386355
386356
386357
386358
386359
386360
386361
386362
386363
386364
386365
386366
386367
386368
386369
386372
386373
386374
386375
386378
386379
386380
386381
386382
386383
386384
386385
386386
386387
386388
386389
386390
386391
386392
386393
386394
386395
386396
386397
386398
386399
386400
386401
386402
386403
386404
386405
386406
386407
386408
386409
386410
386411
386412
386413
386416
386417
386418
386419
386420
386421
386422
386423
386424
386425
386426
386427
386428
386429
386430
386431
386432
386433
386434
386435
386436
386437
386438
386439
386440
386441
386442
386443
386444
386445
386446
386447
386448
386449
386450
386451
386452
386455
386456
386457
386458
386459
386460
386461
386462
386463
386464
386465
386466
386467
386468
386469
386470
386471
386472
386473
386474
386475
386476
386477
386478
386479
386480
386481
386482
386483
386484
386485
386486
386487
386488
386489
386490
386491
386494
386495
386496
386497
386498
386499
386500
386501
386502
386503
386504
386505
386506
386507
386508
386509
386510
386511
386512
386513
386514
386515
386516
386517
386518
386522
386523
386524
386525
386526
386527
386528
386529
386530
386531
386534
386535
386536
386537
386538
386539
386540
386541
386542
386543
386544
386545
386546
386547
386548
386549
386550
386551
386552
386553
386554
386555
386556
386557
386558
386559
386560
386561
386562
386563
386564
386565
386566
386567
386568
386569
386570
386573
386574
386575
386576
386577
386578
386579
386580
386581
386582
386583
386585
386586
386587
386588
386589
386590
386591
386592
386593
386594
386595
386596
386597
386598
386599
386600
386601
386602
386603
386604
386605
386606
386607
386608
386609
386612
386613
386614
386615
386616
386617
386618
386619
386620
386621
386622
386623
386624
386625
386626
386627
386628
386629
386630
386631
386632
386633
386634
386635
386636
386637
386638
386639
386640
386641
386642
386643
386644
386645
386646
386647
386648
386649
386652
386653
386654
386655
386656
386657
386658
386659
386660
386661
386662
386663
386664
386665
386666
386667
386668
386669
386680
386681
386682
386683
386684
386685
386686
386687
386688
386689
386690
386691
386692
386693
386694
386695
386696
386697
386698
386699
386700
386701
386702
386703
386704
386705
386706
386707
386708
386709
386710
386711
386712
386713
386714
386715
386716
386719
386720
386721
386722
386723
386724
386725
386726
386727
386728
386729
386730
386731
386732
386733
386734
386735
386736
386737
386738
386739
386740
386741
386742
386743
386744
386745
386746
386747
386748
386749
386750
386751
386752
386753
386754
386755
386756
386759
386760
386761
386762
386763
386764
386765
386766
386767
386768
386769
386770
386771
386772
386773
386774
386775
386776
386777
386778
386779
386780
386781
386782
386783
386784
386785
386786
386787
386788
386789
386790
386791
386792
386793
386794
386796
386797
386798
386799
386800
386801
386802
386803
386804
386805
386806
386807
386808
386809
386810
386811
386812
386813
386814
386815
386816
386817
386818
386819
386820
386821
386822
386823
386824
386825
386826
386827
386828
386829
386830
386831
386832
386835
386836
386837
386838
386839
386840
386841
386842
386843
386844
386845
386846
386847
386848
386849
386850
386851
386852
386853
386854
386855
386856
386857
386858
386859
386860
386861
386862
386863
386864
386865
386866
386867
386868
386869
386870
386872
386873
386874
386875
386876
386877
386878
386881
386882
386883
386884
386885
386886
386887
386888
386889
386890
386891
386892
386893
386894
386895
386896
386897
386898
386899
386900
386901
386902
386903
386904
386905
386908
386909
386910
386911
386912
386913
386914
386915
386916
386917
386918
386919
386920
386921
386922
386923
386924
386925
386926
386927
386928
386929
386930
386931
386932
386933
386934
386935
386936
386937
386938
386939
386940
386941
386942
386943
386944
386947
386948
386949
386950
386951
386952
386953
386954
386955
386956
386957
386958
386959
386960
386961
386962
386963
386964
386965
386966
386967
386968
386969
386970
386971
386972
386973
386974
386975
386976
386977
386978
386979
386980
386981
386982
386983
386984
386985
386986
386989
386990
386991
386992
386993
386994
386995
386996
386997
386998
386999
387000
387001
387002
387004
387005
387006
387007
387008
387009
387010
387011
387012
387013
387014
387015
387016
387017
387018
387021
387022
387023
387026
387029
387030
387031
387032
387033
387034
387035
387036
387037
387038
387039
387040
387041
387042
387043
387044
387045
387046
387047
387048
387049
387050
387051
387052
387055
387056
387057
387058
387062
387063
387064
387067
387070
387071
387072
387073
387074
387075
387076
387077
387078
387079
387080
387081
387082
387083
387084
387085
387086
387087
387088
387089
387090
387091
387092
387093
387094
387095
387096
387097
387098
387099
387100
387101
387102
387103
387104
387105
387106
387107
387108
387109
387112
387113
387114
387115
387116
387117
387118
387119
387120
387121
387122
387123
387124
387125
387126
387127
387128
387129
387130
387131
387132
387133
387134
387135
387136
387137
387138
387139
387140
387141
387142
387143
387144
387145
387146
387147
387148
387149
387150
387153
387154
387155
387156
387157
387158
387159
387160
387161
387162
387163
387164
387165
387166
387167
387168
387169
387170
387171
387172
387173
387174
387175
387176
387181
387187
387188
387189
387190
387191
387192
387193
387194
387195
387196
387197
387198
387199
387200
387201
387202
387203
387204
387205
387206
387207
387208
387209
387210
387211
387212
387213
387214
387215
387216
387217
387220
387221
387222
387225
387226
387319
387320
387321
387322
387327
387328
387329
387330
387331
387332
387333
387334
387335
387336
387337
387340
387341
387342
387343
387344
387345
387346
387347
387348
387349
387350
387351
387352
387353
387354
387355
387356
387357
387358
387359
387360
387361
387362
387363
387370
387371
387372
387373
387374
387375
387376
387377
387378
387379
387380
387381
387382
387383
387384
387385
387386
387387
387388
387389
387390
387391
387392
387479
387480
387481
387482
387483
387484
387488
387489
387490
387491
387492
387493
387494
387495
387496
387497
387498
387499
387500
387501
387502
387503
387504
387505
387506
387507
387508
387509
387510
387511
387512
387513
387514
387515
387516
387517
387518
387519
387520
387521
387522
387523
387524
387525
387526
387527
387528
387531
387532
387533
387534
387535
387536
387537
387538
387539
387540
387541
387542
387543
387544
387545
387546
387547
387548
387549
387550
387551
387552
387553
387554
387555
387556
387557
387558
387559
387560
387561
387562
387563
387564
387565
387566
387567
387568
387569
387570
387571
387572
387573
387574
387575
387576
387577
387597
387598
387599
387600
387601
387602
387603
387604
387605
387606
387607
387608
387609
387610
387611
387612
387613
387614
387615
387616
387617
387618
387619
387620
387621
387622
387623
387624
387625
387626
387627
387628
387629
387630
387631
387632
387633
387634
387635
387636
387637
387639
387640
387641
387643
387645
387646
387649
387650
387651
387652
387653
387654
387655
387656
387657
387658
387659
387660
387661
387662
387663
387664
387665
387666
387667
387668
387669
387670
387671
387672
387673
387674
387675
387677
387678
387679
387680
387681
387682
387683
387684
387685
387686
387687
387688
387689
387690
387691
387692
387693
387694
387695
387696
387699
387700
387701
387702
387703
387704
387705
387706
387707
387708
387709
387710
387711
387712
387713
387714
387715
387716
387717
387718
387719
387720
387721
387722
387723
387724
387725
387726
387727
387728
387729
387730
387731
387732
387733
387734
387735
387736
387737
387738
387739
387742
387743
387744
387745
387746
387749
387750
387751
387752
387753
387754
387755
387756
387757
387758
387759
387760
387761
387762
387763
387764
387765
387766
387767
387768
387769
387770
387771
387772
387773
387774
387775
387776
387777
387779
387780
387781
387782
387783
387784
387785
387786
387787
387788
387789
387791
387792
387793
387794
387795
387796
387797
387798
387801
387802
387803
387804
387805
387806
387807
387808
387809
387810
387811
387812
387813
387814
387815
387816
387817
387818
387819
387820
387821
387822
387823
387824
387825
387826
387827
387828
387829
387830
387831
387832
387833
387879
387880
387881
387882
387883
387884
387885
387886
387887
387888
387889
387890
387891
387892
387893
387894
387895
387896
387897
387898
387899
387900
387901
387902
387903
387904
387905
387906
387907
387908
387909
387910
387911
387912
387913
387914
387915
387917
387918
387919
387920
387921
387923
387924
387925
387926
387927
387928
387929
387930
387931
387932
387933
387934
387935
387936
387937
387938
387939
387940
387941
387942
387943
387944
387945
387946
387947
387948
387949
387950
387951
387952
387953
387954
387955
387956
387957
387958
387959
387960
387961
387962
387963
387964
387967
387968
387969
387970
387971
387972
387973
387974
387975
387976
387977
387978
387979
387984
387985
387988
387989
387990
387991
387992
387993
387994
387995
387996
387997
387998
387999
388000
388001
388002
388003
388004
388005
388006
388007
388008
388009
388010
388011
388012
388013
388016
388017
388018
388019
388020
388021
388022
388023
388024
388025
388026
388027
388028
388029
388030
388031
388032
388033
388034
388035
388036
388037
388038
388039
388040
388041
388042
388043
388044
388045
388046
388047
388048
388049
388050
388051
388052
388053
388054
388055
388056
388057
388060
388061
388062
388063
388064
388065
388066
388067
388068
388069
388070
388071
388072
388073
388074
388075
388076
388077
388078
388079
388080
388081
388082
388083
388084
388085
388086
388087
388088
388089
388090
388091
388092
388093
388094
388095
388096
388097
388098
388101
388102
388103
388104
388105
388106
388107
388108
388109
388110
388111
388112
388113
388114
388115
388116
388117
388118
388119
388120
388121
388122
388123
388124
388125
388126
388127
388128
388129
388130
388131
388132
388133
388134
388135
388136
388137
388138
388139
388140
388141
388144
388145
388146
388147
388148
388149
388150
388151
388152
388153
388154
388155
388156
388157
388158
388159
388160
388161
388162
388163
388164
388165
388166
388167
388168
388169
388170
388171
388172
388173
388174
388175
388176
388177
388178
388179
388180
388181
388182
388183
388184
388185
388188
388190
388191
388192
388193
388194
388195
388196
388197
388198
388199
388200
388201
388202
388203
388204
388205
388206
388207
388208
388209
388210
388211
388212
388213
388214
388215
388216
388217
388218
388219
388220
388221
388222
388223
388224
388225
388226
388227
388228
388229
388230
388231
388232
388233
388235
388236
388237
388238
388239
388240
388241
388242
388245
388246
388247
388248
388249
388250
388251
388252
388253
388254
388255
388256
388257
388258
388259
388260
388261
388262
388263
388264
388265
388266
388270
388274
388275
388276
388277
388278
388279
388280
388281
388282
388283
388284
388286
388287
388288
388289
388290
388291
388292
388293
388294
388295
388296
388297
388298
388299
388300
388301
388302
388305
388306
388307
388308
388309
388310
388311
388312
388313
388314
388315
388316
388317
388318
388319
388320
388321
388322
388323
388324
388325
388326
388331
388332
388333
388334
388335
388338
388341
388342
388343
388344
388345
388346
388347
388348
388349
388350
388351
388352
388353
388354
388355
388356
388357
388358
388359
388360
388361
388362
388363
388364
388365
388366
388367
388368
388369
388370
388371
388372
388373
388374
388375
388376
388377
388378
388379
388380
388381
388382
388383
388384
388385
388386
388387
388390
388391
388392
388393
388394
388395
388397
388398
388399
388400
388408
388409
388410
388411
388412
388413
388414
388415
388416
388417
388418
388419
388420
388421
388422
388423
388424
388425
388426
388427
388430
388436
388438
388439
388440
388443
388444
388445
388447
388448
388449
388450
388451
388452
388453
388454
388455
388456
388457
388458
388459
388460
388461
388462
388464
388465
388466
388467
388468
388469
